snr_db,trial,algorithm,implementation,runtime_sec,correlation_time_sec,selection_time_sec,solve_time_sec,residual_update_time_sec,support_refinement_time_sec
5.0,0,RMP,baseline,0.0010926359973382205,5.0227026804350317e-05,7.523399835918099e-05,0.0004165450081927702,0.00015665199316572398,0.0
5.0,0,RMP,optimized,0.0006393880030373111,4.906099638901651e-05,3.7165998946875334e-05,0.00014262298645917326,0.0001570359745528549,0.00013525696704164147
5.0,1,RMP,baseline,0.001029751991154626,4.985998384654522e-05,3.710400778800249e-05,0.0004141420067753643,0.00014948603347875178,0.0
5.0,1,RMP,optimized,0.0005335659952834249,4.575694038067013e-05,2.8116002795286477e-05,0.00012088000949006528,0.00013578298967331648,0.00011554099910426885
5.0,2,RMP,baseline,0.0010155339987250045,4.774000262841582e-05,3.414596721995622e-05,0.0004022490029456094,0.00015058300050441176,0.0
5.0,2,RMP,optimized,0.0005609020008705556,4.508704296313226e-05,2.8804977773688734e-05,0.00012511700333561748,0.00014307400851976126,0.00011909005115740001
5.0,3,RMP,baseline,0.0014796040049986914,7.894002192188054e-05,4.452199209481478e-05,0.0006738509982824326,0.0001918989873956889,0.0
5.0,3,RMP,optimized,0.0005918160022702068,5.569298809859902e-05,3.9178034057840705e-05,0.00013412894622888416,0.00014907501463312656,0.0001199480175273493
5.0,4,RMP,baseline,0.0014200059958966449,6.279692752286792e-05,5.375496402848512e-05,0.00048797798808664083,0.00024479896819684654,0.0
5.0,4,RMP,optimized,0.0005986640026094392,5.144103488419205e-05,3.1072995625436306e-05,0.00013512598525267094,0.00015990498650353402,0.00012878805864602327
5.0,5,RMP,baseline,0.0010330040095141158,5.789098213426769e-05,4.727402119897306e-05,0.0004015040030935779,0.00015141496260184795,0.0
5.0,5,RMP,optimized,0.0005268429958960041,5.445697752293199e-05,2.6726003852672875e-05,0.00011933002679143101,0.00013758901332039386,0.00011314994480926543
5.0,6,RMP,baseline,0.0011601870064623654,5.8268007705919445e-05,4.1869949200190604e-05,0.0004232520586811006,0.00019870400137733668,0.0
5.0,6,RMP,optimized,0.0006885930051794276,5.2991032134741545e-05,7.887903484515846e-05,0.00014252601249609143,0.0001643809664528817,0.00014660603483207524
5.0,7,RMP,baseline,0.0010568909929133952,5.926101584918797e-05,3.598800685722381e-05,0.00042661899351514876,0.0001579040108481422,0.0
5.0,7,RMP,optimized,0.0005570760113187134,5.521699495147914e-05,2.9422008083201945e-05,0.00011994499072898179,0.00014713499695062637,0.00011654999980237335
5.0,8,RMP,baseline,0.0013695640082005411,7.9624995123595e-05,5.024997517466545e-05,0.000489864032715559,0.00021834396466147155,0.0
5.0,8,RMP,optimized,0.0008161069999914616,6.371704512275755e-05,3.695198392961174e-05,0.0001988920266740024,0.0002001180109800771,0.0001636039960430935
5.0,9,RMP,baseline,0.0012642950023291633,6.186997052282095e-05,5.861598765477538e-05,0.0005422669783001766,0.00018148501112591475,0.0
5.0,9,RMP,optimized,0.0006213939923327416,5.4683026974089444e-05,3.0428971513174474e-05,0.0001581029937369749,0.00015531497774645686,0.0001251459907507524
5.0,10,RMP,baseline,0.0018958189903059974,8.18089465610683e-05,7.045701204333454e-05,0.0007174350030254573,0.000306251022266224,0.0
5.0,10,RMP,optimized,0.0011317890021018684,8.032000914681703e-05,6.012698577251285e-05,0.00025603001995477825,0.00026755299768410623,0.00024654201115481555
5.0,11,RMP,baseline,0.001101332003599964,5.967800098005682e-05,3.7389982026070356e-05,0.00040179002098739147,0.00017440196825191379,0.0
5.0,11,RMP,optimized,0.0005798299971502274,5.332600267138332e-05,4.8264002543874085e-05,0.00012495102419052273,0.0001429770200047642,0.00012332996993791312
5.0,12,RMP,baseline,0.0014725590008310974,6.120603939052671e-05,4.513899330049753e-05,0.0006161380442790687,0.00022267094755079597,0.0
5.0,12,RMP,optimized,0.0007534710020991042,7.320701843127608e-05,3.954500425606966e-05,0.0001696950348559767,0.00019164399418514222,0.00015991299005690962
5.0,13,RMP,baseline,0.0010819419985637069,5.895800131838769e-05,3.5043995012529194e-05,0.00040147699473891407,0.00017869695147965103,0.0
5.0,13,RMP,optimized,0.0005562250007642433,5.439000960905105e-05,4.1093051549978554e-05,0.00011986801109742373,0.00014198001008480787,0.0001149760209955275
5.0,14,RMP,baseline,0.0010659859981387854,5.04140043631196e-05,3.967098018620163e-05,0.0003990250115748495,0.00015781803813297302,0.0
5.0,14,RMP,optimized,0.0004908660048386082,4.255797830410302e-05,2.517699613235891e-05,0.00011222201283089817,0.00012615999730769545,0.00010875197767745703
5.0,15,RMP,baseline,0.0010087699920404702,5.8865975006483495e-05,3.5218981793150306e-05,0.00040053405973594636,0.00015018998237792403,0.0
5.0,15,RMP,optimized,0.0006446560000767931,5.619495641440153e-05,3.133900463581085e-05,0.00015367098967544734,0.00016035298176575452,0.00015093998808879405
5.0,16,RMP,baseline,0.0011621769954217598,6.008897616993636e-05,3.738199302460998e-05,0.00045174396655056626,0.0002100160054396838,0.0
5.0,16,RMP,optimized,0.0005510740011231974,4.883100336883217e-05,2.8677983209490776e-05,0.00012591699487529695,0.00014184499741531909,0.000124258003779687
5.0,17,RMP,baseline,0.0009690590086393058,5.5715994676575065e-05,3.189303970430046e-05,0.0003790560003835708,0.00015045501640997827,0.0
5.0,17,RMP,optimized,0.0005218520091148093,4.9790978664532304e-05,2.5866975192911923e-05,0.00011540300329215825,0.0001335739652859047,0.0001226090098498389
5.0,18,RMP,baseline,0.0012142949999542907,5.710594996344298e-05,4.164497659076005e-05,0.0004648020112654194,0.0002326370304217562,0.0
5.0,18,RMP,optimized,0.0004909440031042323,4.18059789808467e-05,2.5036002625711262e-05,0.00011022697435691953,0.00012440998398233205,0.00010509397543501109
5.0,19,RMP,baseline,0.0015172529965639114,6.867000774946064e-05,4.5281965867616236e-05,0.0006288099830271676,0.00024437102547381073,0.0
5.0,19,RMP,optimized,0.0005655950080836192,5.737699393648654e-05,3.0795970815233886e-05,0.0001276079419767484,0.0001464440138079226,0.00011933999485336244
5.0,20,RMP,baseline,0.0009732610051287338,6.017897976562381e-05,3.792600182350725e-05,0.00038217399560380727,0.00014126001042313874,0.0
5.0,20,RMP,optimized,0.0004675959935411811,4.012798308394849e-05,2.3792992578819394e-05,0.00010459600889589638,0.00012134900316596031,0.00010393100092187524
5.0,21,RMP,baseline,0.0011798699997598305,5.651699029840529e-05,3.548001404851675e-05,0.0004892019933322445,0.00016794001567177474,0.0
5.0,21,RMP,optimized,0.0011357290059095249,9.247897833120078e-05,5.471898475661874e-05,0.00024922401644289494,0.0002689420070964843,0.000322336025419645
5.0,22,RMP,baseline,0.000995277994661592,5.260301986709237e-05,3.559998003765941e-05,0.000395533032133244,0.0001464500091969967,0.0
5.0,22,RMP,optimized,0.0004727199993794784,4.146198625676334e-05,2.6092995540238917e-05,0.0001089340221369639,0.00012021900329273194,0.00010561301314737648
5.0,23,RMP,baseline,0.0009759920067153871,5.6629040045663714e-05,3.21289844578132e-05,0.0003796940145548433,0.00014540999836754054,0.0
5.0,23,RMP,optimized,0.0006029130017850548,5.5047989008016884e-05,2.932298230007291e-05,0.00013799600128550082,0.0001803579943953082,0.00011856199125759304
5.0,24,RMP,baseline,0.0010220060066785663,5.204499757383019e-05,3.6235025618225336e-05,0.0004035170131828636,0.00015424999583046883,0.0
5.0,24,RMP,optimized,0.0005374230095185339,4.66379860881716e-05,2.9279020964168012e-05,0.00012479400902520865,0.0001385440118610859,0.0001126240094890818
5.0,25,RMP,baseline,0.0009770210017450154,5.53599966224283e-05,3.0816998332738876e-05,0.00038479999057017267,0.00014425501285586506,0.0
5.0,25,RMP,optimized,0.0007560929952887818,7.414001447614282e-05,4.020701453555375e-05,0.00015706899284850806,0.0002159220166504383,0.00015657898620702326
5.0,26,RMP,baseline,0.0009790729964151978,4.604297282639891e-05,3.2719981390982866e-05,0.0003926080244127661,0.0001426580420229584,0.0
5.0,26,RMP,optimized,0.0005464529967866838,4.527402052190155e-05,2.827697608154267e-05,0.00011994205124210566,0.00013948400737717748,0.00013327199849300086
5.0,27,RMP,baseline,0.0010082520020660013,5.449603486340493e-05,3.243297396693379e-05,0.00039785999979358166,0.00015733801410533488,0.0
5.0,27,RMP,optimized,0.000486648001242429,4.9780021072365344e-05,2.4640001356601715e-05,0.00010508402192499489,0.00012710702139884233,0.00010656898666638881
5.0,28,RMP,baseline,0.0011055289942305535,5.2772011258639395e-05,3.8534984923899174e-05,0.00041754999256227165,0.00016071999561972916,0.0
5.0,28,RMP,optimized,0.0005142019945196807,4.42389864474535e-05,2.642300387378782e-05,0.0001185499713756144,0.00013236701488494873,0.00011223302863072604
5.0,29,RMP,baseline,0.0010539499926380813,5.6837990996427834e-05,3.4276992664672434e-05,0.0004131929890718311,0.0001645050069782883,0.0
5.0,29,RMP,optimized,0.0005528829933609813,5.416797648649663e-05,2.6023990358226e-05,0.00011864201223943383,0.00014457700308412313,0.00011641901801340282
5.0,30,RMP,baseline,0.001009259998681955,4.8422967665828764e-05,4.287097544874996e-05,0.0003996679879492149,0.00015011003415565938,0.0
5.0,30,RMP,optimized,0.0005025319987908006,4.627696762327105e-05,2.716897870413959e-05,0.00011191799421794713,0.00013333700189832598,0.0001084789982996881
5.0,31,RMP,baseline,0.0010304200113750994,5.910800246056169e-05,3.716797800734639e-05,0.00038318596489261836,0.00015749401063658297,0.0
5.0,31,RMP,optimized,0.000514052007929422,5.2407049224711955e-05,2.7103989850729704e-05,0.00011368500418029726,0.00013829498493578285,0.0001053979794960469
5.0,32,RMP,baseline,0.0009089360100915655,4.4374988647177815e-05,2.9386981623247266e-05,0.0003589630068745464,0.00013162496907170862,0.0
5.0,32,RMP,optimized,0.0005143010057508945,4.243999137543142e-05,2.7971022063866258e-05,0.00011390302097424865,0.00014554096560459584,0.00010868500976357609
5.0,33,RMP,baseline,0.001399207001668401,7.717196422163397e-05,4.7721972805447876e-05,0.0005030270112911239,0.00025189705775119364,0.0
5.0,33,RMP,optimized,0.0008619809959782287,8.36310355225578e-05,4.639204416889697e-05,0.00021423600264824927,0.0002257759915664792,0.00016045301163103431
5.0,34,RMP,baseline,0.0010501939977984875,5.0695001846179366e-05,3.384900628589094e-05,0.0004110920272069052,0.0001564469566801563,0.0
5.0,34,RMP,optimized,0.0004890510026598349,4.2203988414257765e-05,2.6187990442849696e-05,0.00011447197175584733,0.00012571297702379525,0.00010496702452655882
5.0,35,RMP,baseline,0.0010369750089012086,6.193698209244758e-05,4.349600931163877e-05,0.00037925600190646946,0.00016630299796815962,0.0
5.0,35,RMP,optimized,0.0005617360002361238,5.2024959586560726e-05,2.7781003154814243e-05,0.00011981498391833156,0.00014586205361410975,0.00013264002336654812
5.0,36,RMP,baseline,0.0008861800015438348,4.3980980990454555e-05,3.308597661089152e-05,0.0003496450372040272,0.00012941000750288367,0.0
5.0,36,RMP,optimized,0.0005286639934638515,5.7030978496186435e-05,2.8125985409133136e-05,0.00011327999527566135,0.00013342101010493934,0.00010993600881192833
5.0,37,RMP,baseline,0.0009116480068769306,5.2610994316637516e-05,2.9412010917440057e-05,0.00035433503217063844,0.00013921498612035066,0.0
5.0,37,RMP,optimized,0.0005633459950331599,5.9236015658825636e-05,2.782898081932217e-05,0.00011804398673120886,0.0001427890092600137,0.00010933303565252572
5.0,38,RMP,baseline,0.0009844430023804307,4.6163026127032936e-05,3.3195989090017974e-05,0.0003808679903158918,0.0001478509948356077,0.0
5.0,38,RMP,optimized,0.000508565004565753,4.3402964365668595e-05,2.6590991183184087e-05,0.00011499295942485332,0.00013597497309092432,0.00010959601786453277
5.0,39,RMP,baseline,0.0010303279996151105,5.949802289251238e-05,3.3963966416195035e-05,0.00039123401802498847,0.00015884399181231856,0.0
5.0,39,RMP,optimized,0.0005586649931501597,6.0933001805096865e-05,2.909405156970024e-05,0.0001313359971391037,0.00014348399417940527,0.00011241796892136335
5.0,40,RMP,baseline,0.0010587449942249805,4.8215006245300174e-05,4.888097464572638e-05,0.00040696602081879973,0.00016919402696657926,0.0
5.0,40,RMP,optimized,0.0005449409945867956,4.784303018823266e-05,2.863002009689808e-05,0.0001225190208060667,0.00014668999938294291,0.00011446799908298999
5.0,41,RMP,baseline,0.0011124049924546853,6.201899668667465e-05,3.772301715798676e-05,0.0004092029412277043,0.00017848303832579404,0.0
5.0,41,RMP,optimized,0.0005058870010543615,5.217400030232966e-05,2.6419016649015248e-05,0.00011180600267834961,0.00013564201071858406,0.00010603999544400722
5.0,42,RMP,baseline,0.0008818370115477592,4.29239880759269e-05,2.926200977526605e-05,0.0003519159945426509,0.00012880699068773538,0.0
5.0,42,RMP,optimized,0.00046211299195419997,4.0480023017153144e-05,2.4059947463683784e-05,0.00010556602501310408,0.00012009100464638323,0.00010237901005893946
5.0,43,RMP,baseline,0.001100405992474407,5.8814999647438526e-05,3.743795969057828e-05,0.0004357769794296473,0.00016736198449507356,0.0
5.0,43,RMP,optimized,0.0005101120041217655,5.067196616437286e-05,2.609197690617293e-05,0.00011237704893574119,0.00013537397899199277,0.00010464599472470582
5.0,44,RMP,baseline,0.0009637669863877818,6.128803943283856e-05,3.215300966985524e-05,0.00037405100010801107,0.00014019999071024358,0.0
5.0,44,RMP,optimized,0.0010428779933135957,7.75000371504575e-05,5.5243042879737914e-05,0.0002801400114549324,0.0003046489873668179,0.00016699897241778672
5.0,45,RMP,baseline,0.0009893339884001762,5.8192978031001985e-05,3.328299499116838e-05,0.0003856750117847696,0.0001489320129621774,0.0
5.0,45,RMP,optimized,0.0005324429948814213,5.05989883095026e-05,3.6125973565503955e-05,0.00012957501166965812,0.00013700401177629828,0.00010729600035119802
5.0,46,RMP,baseline,0.0009430280042579398,4.546594573184848e-05,3.0740993679501116e-05,0.00035390596895013005,0.00014838899369351566,0.0
5.0,46,RMP,optimized,0.00046437399578280747,4.220097616780549e-05,2.483499702066183e-05,0.00010629200551193208,0.00012049701763316989,0.0001010049891192466
5.0,47,RMP,baseline,0.0009983190102502704,5.5957993026822805e-05,3.272599133197218e-05,0.00039900201954878867,0.00015241000801324844,0.0
5.0,47,RMP,optimized,0.0005297440075082704,5.4824966355226934e-05,2.744699304457754e-05,0.0001170750183518976,0.00014101600390858948,0.00010957395716104656
5.0,48,RMP,baseline,0.0009316479990957305,5.465498543344438e-05,2.9028975404798985e-05,0.0003586400271160528,0.00014904398994985968,0.0
5.0,48,RMP,optimized,0.0004762370081152767,5.066397716291249e-05,2.4020002456381917e-05,0.00010156899224966764,0.00012706501001957804,9.954105189535767e-05
5.0,49,RMP,baseline,0.0011892229958903044,5.4647025535814464e-05,3.8273006794042885e-05,0.00040462300239596516,0.0001815290015656501,0.0
5.0,49,RMP,optimized,0.0008013519982341677,7.265205204021186e-05,6.568498793058097e-05,0.00017111598572228104,0.00018052601080853492,0.0001400390174239874
5.0,50,RMP,baseline,0.0011521599953994155,6.190301792230457e-05,5.166896153241396e-05,0.0004727829364128411,0.00016850698739290237,0.0
5.0,50,RMP,optimized,0.0005175410042284057,5.1350012654438615e-05,2.656699507497251e-05,0.00011856798664666712,0.00013520597713068128,0.00011103101132903248
5.0,51,RMP,baseline,0.0009006500040413812,4.370196256786585e-05,2.8461014153435826e-05,0.00035759498132392764,0.00013502899673767388,0.0
5.0,51,RMP,optimized,0.00048522200086154044,4.808300582226366e-05,2.917798701673746e-05,0.00010795098205562681,0.0001227939937962219,0.00010457703319843858
5.0,52,RMP,baseline,0.0020113359933020547,0.0001218859979417175,7.250197813846171e-05,0.0006423160084523261,0.00042541300354059786,0.0
5.0,52,RMP,optimized,0.0012039220018777996,9.152200073003769e-05,5.409700679592788e-05,0.0002627250214572996,0.00039098104753065854,0.0001958260836545378
5.0,53,RMP,baseline,0.000971161003690213,6.595804006792605e-05,3.421198925934732e-05,0.0003742290136869997,0.0001430120028089732,0.0
5.0,53,RMP,optimized,0.0006045680056558922,4.6021013986319304e-05,3.450596705079079e-05,0.00012471700028982013,0.00015573202108498663,0.0001381310139549896
5.0,54,RMP,baseline,0.0012776629882864654,5.71789569221437e-05,3.70100315194577e-05,0.0003991500270785764,0.0002026389993261546,0.0
5.0,54,RMP,optimized,0.0005984219897072762,5.78880135435611e-05,4.09019849030301e-05,0.0001360199967166409,0.00015650999557692558,0.00012234802125021815
5.0,55,RMP,baseline,0.0009397100075148046,4.6464017941616476e-05,3.1179035431705415e-05,0.0003768589813262224,0.0001370870159007609,0.0
5.0,55,RMP,optimized,0.0005981750000501052,4.551699385046959e-05,2.9471033485606313e-05,0.00014031199680175632,0.00013841198233421892,0.00011649698717519641
5.0,56,RMP,baseline,0.0016199709934880957,9.470897202845663e-05,5.9874015278182924e-05,0.0005848169967066497,0.00028891803231090307,0.0
5.0,56,RMP,optimized,0.0007229409966384992,7.505703251808882e-05,3.401401045266539e-05,0.0001738869905238971,0.00019659499230328947,0.00014947900490369648
5.0,57,RMP,baseline,0.0012153380084782839,5.1791954319924116e-05,4.1873048758134246e-05,0.0004556210042210296,0.00024423300055786967,0.0
5.0,57,RMP,optimized,0.0005878950032638386,6.118604505900294e-05,2.9795017326250672e-05,0.00012146899825893342,0.00015743098629172891,0.00011617699055932462
5.0,58,RMP,baseline,0.0009170489938696846,5.2632021834142506e-05,3.0050970963202417e-05,0.00036175800778437406,0.00014029302110429853,0.0
5.0,58,RMP,optimized,0.0006250339938560501,5.731199053116143e-05,3.070800448767841e-05,0.00015004200395196676,0.00015664899547118694,0.00012072402751073241
5.0,59,RMP,baseline,0.0009305949934059754,4.709402855951339e-05,3.731598553713411e-05,0.0003658840141724795,0.00013472298451233655,0.0
5.0,59,RMP,optimized,0.0005715680017601699,4.646097659133375e-05,3.709297743625939e-05,0.00012469901412259787,0.00015333494229707867,0.00011451599129941314
5.0,60,RMP,baseline,0.000968043998000212,5.472901102621108e-05,3.591098356992006e-05,0.00038407000829465687,0.00014256598660722375,0.0
5.0,60,RMP,optimized,0.0004884420050075278,4.9524998757988214e-05,2.4348977603949606e-05,0.00010456805466674268,0.00013101199874654412,0.00010062102228403091
5.0,61,RMP,baseline,0.0018829530017683282,9.407801553606987e-05,7.400398317258805e-05,0.0006145399966044351,0.0004276720428606495,0.0
5.0,61,RMP,optimized,0.0007216460071504116,6.173401197884232e-05,3.5042015952058136e-05,0.00016358800348825753,0.00018418898980598897,0.00013681002019438893
5.0,62,RMP,baseline,0.0010463959915796295,5.875098577234894e-05,3.4635013435035944e-05,0.00043095000728499144,0.00015700698713772,0.0
5.0,62,RMP,optimized,0.00048607500502839684,4.857699968852103e-05,2.404600672889501e-05,0.00010488399129826576,0.00012692900781985372,0.0001011809945339337
5.0,63,RMP,baseline,0.0009736490028444678,5.0085014663636684e-05,3.49970068782568e-05,0.00037225305277388543,0.0001500099606346339,0.0
5.0,63,RMP,optimized,0.0004980380035704002,4.333200922701508e-05,2.563701127655804e-05,0.00011470098979771137,0.00013294497330207378,0.00010486500104889274
5.0,64,RMP,baseline,0.0010057809995487332,4.492999869398773e-05,3.227798151783645e-05,0.0003838850243482739,0.00015250701108016074,0.0
5.0,64,RMP,optimized,0.00047548300062771887,4.1862003854475915e-05,2.962503640446812e-05,0.00010779403964988887,0.00012293401232454926,0.00010413897689431906
5.0,65,RMP,baseline,0.0009698459907667711,5.636799323838204e-05,3.269099397584796e-05,0.0003654539614217356,0.0001619469840079546,0.0
5.0,65,RMP,optimized,0.000528606993611902,5.291096749715507e-05,2.7125002816319466e-05,0.0001155640056822449,0.00014346596435643733,0.00010897101310547441
5.0,66,RMP,baseline,0.0009607130050426349,4.5845008571632206e-05,3.3285003155469894e-05,0.0003886969934683293,0.00013809898518957198,0.0
5.0,66,RMP,optimized,0.00046658799692522734,4.0217972127720714e-05,2.506996679585427e-05,0.0001077960041584447,0.00012014103413093835,0.00010279500565957278
5.0,67,RMP,baseline,0.0009471389930695295,5.373303429223597e-05,3.143899084534496e-05,0.00036629001260735095,0.00014273500710260123,0.0
5.0,67,RMP,optimized,0.0005561440048040822,5.266502557788044e-05,2.8645008569583297e-05,0.00012480201257858425,0.0001428229734301567,0.0001291109947487712
5.0,68,RMP,baseline,0.0017012460011756048,6.646096881013364e-05,6.0413003666326404e-05,0.0006160849734442309,0.0002708499814616516,0.0
5.0,68,RMP,optimized,0.000655648997053504,4.89570084027946e-05,3.120196925010532e-05,0.00016044298536144197,0.00016036198940128088,0.00014289897808339447
5.0,69,RMP,baseline,0.0009945339988917112,5.678400339093059e-05,3.469099465291947e-05,0.00037912999687250704,0.00016737304395064712,0.0
5.0,69,RMP,optimized,0.0005304509977577254,5.061399133410305e-05,2.8075999580323696e-05,0.00011461500253062695,0.00014731900591868907,0.00010783200559671968
5.0,70,RMP,baseline,0.0009665489924373105,6.048197974450886e-05,3.371498314663768e-05,0.0003784610016737133,0.00014073101920075715,0.0
5.0,70,RMP,optimized,0.0005260939942672849,5.724397487938404e-05,2.937098906841129e-05,0.00011901598190888762,0.0001291830267291516,0.00011252499825786799
5.0,71,RMP,baseline,0.0012730409944197163,6.706001295242459e-05,6.562597991432995e-05,0.00048680705367587507,0.00020505304564721882,0.0
5.0,71,RMP,optimized,0.0005989380006212741,5.2866991609334946e-05,3.0160023015923798e-05,0.00012088999210391194,0.00018386298324912786,0.00011354700836818665
5.0,72,RMP,baseline,0.0009701270028017461,4.951003938913345e-05,3.2939991797320545e-05,0.0003795190423261374,0.00013862403284292668,0.0
5.0,72,RMP,optimized,0.000473530002636835,4.070397699251771e-05,2.5201996322721243e-05,0.00010869200923480093,0.00012114601850043982,0.00010260503040626645
5.0,73,RMP,baseline,0.0010744489991338924,5.588302155956626e-05,5.1915019867010415e-05,0.0004140409582760185,0.00016859396419022232,0.0
5.0,73,RMP,optimized,0.0005511810013558716,5.385802069213241e-05,2.8869035304524004e-05,0.00011840899242088199,0.00014774299052078277,0.00011895396164618433
5.0,74,RMP,baseline,0.0013112710003042594,5.640201561618596e-05,4.2472005588933825e-05,0.0004680969868786633,0.00018552297842688859,0.0
5.0,74,RMP,optimized,0.0005199120059842244,4.797099973075092e-05,2.732998109422624e-05,0.00011488499876577407,0.0001269209897145629,0.00010691102943383157
5.0,75,RMP,baseline,0.0015167729870881885,8.6781001300551e-05,5.3048046538606286e-05,0.0005081449926365167,0.00032658196869306266,0.0
5.0,75,RMP,optimized,0.0008161650039255619,8.226097270380706e-05,4.356498538982123e-05,0.0001917409972520545,0.00020798103651031852,0.00014269798703026026
5.0,76,RMP,baseline,0.0010178379889111966,4.839201574213803e-05,3.458801074884832e-05,0.0004083039821125567,0.00014950103650335222,0.0
5.0,76,RMP,optimized,0.0005753670120611787,4.6203029341995716e-05,3.052799729630351e-05,0.00014364598609972745,0.0001492579758632928,0.00011682402691803873
5.0,77,RMP,baseline,0.0010305510077159852,5.788906128145754e-05,4.029105184599757e-05,0.0003931809915229678,0.0001649189944146201,0.0
5.0,77,RMP,optimized,0.0004738510033348575,4.8959991545416415e-05,2.4720022338442504e-05,0.00010592298349365592,0.000128389016026631,0.00010012401617132127
5.0,78,RMP,baseline,0.001328647995251231,6.849099008832127e-05,4.4113025069236755e-05,0.0005022279947297648,0.00023286203213501722,0.0
5.0,78,RMP,optimized,0.0004985039995517582,4.202697891741991e-05,2.5756016839295626e-05,0.00011743500363081694,0.00012530098319984972,0.00010855704022105783
5.0,79,RMP,baseline,0.0010218350071227178,4.9535956350155175e-05,3.611900319810957e-05,0.0003889259824063629,0.00019122300727758557,0.0
5.0,79,RMP,optimized,0.00046978500904515386,4.1478051571175456e-05,2.5449087843298912e-05,0.00010689496411941946,0.00012270899605937302,0.00010219997784588486
5.0,80,RMP,baseline,0.0009520460007479414,5.479301034938544e-05,3.2602009014226496e-05,0.0003639710193965584,0.00015433899534400553,0.0
5.0,80,RMP,optimized,0.00047875700693111867,4.914903547614813e-05,2.4811000912450254e-05,0.00010486796963959932,0.00012761903053615242,0.00010099598148372024
5.0,81,RMP,baseline,0.001301518001127988,0.00011986898607574403,7.843399362172931e-05,0.000490816033561714,0.00018304299737792462,0.0
5.0,81,RMP,optimized,0.0008421069942414761,5.5502052418887615e-05,3.9669001125730574e-05,0.00015735502529423684,0.0003177870385115966,0.0001571429893374443
5.0,82,RMP,baseline,0.0009047939965967089,5.157905980013311e-05,3.2538053346797824e-05,0.000349578054738231,0.00013703400327358395,0.0
5.0,82,RMP,optimized,0.0008368309936486185,7.007698877714574e-05,3.861905133817345e-05,0.00015482203161809593,0.0002227069780929014,0.00014968500181566924
5.0,83,RMP,baseline,0.0009998879977501929,4.816299770027399e-05,3.3025964512489736e-05,0.00040104602521751076,0.00014620897127315402,0.0
5.0,83,RMP,optimized,0.0005749109986936674,4.9656970077194273e-05,2.829998265951872e-05,0.0001250389905180782,0.0001460730127291754,0.00011779399937950075
5.0,84,RMP,baseline,0.0010348810028517619,5.666998913511634e-05,3.257204662077129e-05,0.00040923303458839655,0.0001589569728821516,0.0
5.0,84,RMP,optimized,0.0004779370065080002,4.935004108119756e-05,2.510997001081705e-05,0.0001043849770212546,0.00012851801875513047,0.00010230200132355094
5.0,85,RMP,baseline,0.0010902340000029653,5.1744995289482176e-05,3.612898581195623e-05,0.0004292910161893815,0.00017046196444425732,0.0
5.0,85,RMP,optimized,0.0006130349938757718,5.108400364406407e-05,3.0512979719787836e-05,0.00014504996943287551,0.0001749179937178269,0.00011891507892869413
5.0,86,RMP,baseline,0.0009052989917108789,5.266199877951294e-05,3.305301652289927e-05,0.0003483640175545588,0.00013774295803159475,0.0
5.0,86,RMP,optimized,0.0005216290010139346,4.889603587798774e-05,2.5918969186022878e-05,0.00011493402416817844,0.00013341300655156374,0.00012115399294998497
5.0,87,RMP,baseline,0.0009252590098185465,4.485702083911747e-05,3.8034020690247416e-05,0.00035957399813923985,0.0001351049868389964,0.0
5.0,87,RMP,optimized,0.000500580994412303,4.1701990994624794e-05,2.6879002689383924e-05,0.00012474102550186217,0.0001271360379178077,0.00010422397463116795
5.0,88,RMP,baseline,0.0010049260017694905,5.662300100084394e-05,3.305799327790737e-05,0.0003781330306082964,0.00015293499745894223,0.0
5.0,88,RMP,optimized,0.0005934249929850921,5.78760082134977e-05,3.151400596834719e-05,0.00012882002920378,0.0001701529836282134,0.00012038499698974192
5.0,89,RMP,baseline,0.0009217910119332373,4.515204636845738e-05,2.994999522343278e-05,0.00036377897777128965,0.00013668197789229453,0.0
5.0,89,RMP,optimized,0.0005845849955221638,4.529397119767964e-05,3.0530980438925326e-05,0.0001622839627088979,0.00014872403698973358,0.00011625797196757048
5.0,90,RMP,baseline,0.0018539200100349262,9.432801743969321e-05,6.430200301110744e-05,0.0006261169764911756,0.0004616949590854347,0.0
5.0,90,RMP,optimized,0.0006025490001775324,5.251097900327295e-05,2.8833019314333797e-05,0.00014913998893462121,0.0001437239843653515,0.00011660903692245483
5.0,91,RMP,baseline,0.000936807002290152,4.4686981709674e-05,3.0522976885549724e-05,0.00037543600774370134,0.0001385149807902053,0.0
5.0,91,RMP,optimized,0.0005092319916002452,4.286898183636367e-05,2.8040012693963945e-05,0.00011471903417259455,0.0001397180458297953,0.00010831801046151668
5.0,92,RMP,baseline,0.0011928960011573508,5.9752012020908296e-05,3.9862003177404404e-05,0.00042428199958521873,0.00023442598467227072,0.0
5.0,92,RMP,optimized,0.0006413939991034567,6.109899550210685e-05,4.460201307665557e-05,0.0001483479718444869,0.00015338198863901198,0.00012702200911007822
5.0,93,RMP,baseline,0.001022338998154737,4.998203075956553e-05,3.359797119628638e-05,0.0004061109939357266,0.00015405798330903053,0.0
5.0,93,RMP,optimized,0.0005237709992798045,4.3064981582574546e-05,2.689901157282293e-05,0.0001352409744868055,0.00013316699187271297,0.00010919700434897095
5.0,94,RMP,baseline,0.0012779280077666044,6.457598647102714e-05,4.425598308444023e-05,0.0004789789818460122,0.00020140303240623325,0.0
5.0,94,RMP,optimized,0.0005369159916881472,5.355903704185039e-05,2.8206995921209455e-05,0.00012204903759993613,0.00014142299187369645,0.00011041901598218828
5.0,95,RMP,baseline,0.0009880260040517896,4.854402504861355e-05,3.261197707615793e-05,0.00037948600947856903,0.00015550502575933933,0.0
5.0,95,RMP,optimized,0.0004616419901140034,3.964602365158498e-05,2.81590037047863e-05,0.00010452000424265862,0.000117552001029253,0.00010175301576964557
5.0,96,RMP,baseline,0.0009643219964345917,5.362799856811762e-05,3.2418029149994254e-05,0.0003675740153994411,0.00015195699234027416,0.0
5.0,96,RMP,optimized,0.0006310269964160398,6.040895823389292e-05,3.2572963391430676e-05,0.00013419399328995496,0.00018372698104940355,0.00012128100206609815
5.0,97,RMP,baseline,0.0010632740013534203,5.440997483674437e-05,3.6709985579364e-05,0.00042037096864078194,0.0001724219910101965,0.0
5.0,97,RMP,optimized,0.000504992000060156,4.391302354633808e-05,2.6391979190520942e-05,0.00011691100371535867,0.00013175704225432128,0.00010837599984370172
5.0,98,RMP,baseline,0.0009550059912726283,5.2553965360857546e-05,3.142400237265974e-05,0.0003811400238191709,0.00014549204206559807,0.0
5.0,98,RMP,optimized,0.0005030449974583462,5.0866976380348206e-05,2.6168010663241148e-05,0.00010854497668333352,0.0001326560159213841,0.00010423597996123135
5.0,99,RMP,baseline,0.001161352003691718,5.36670268047601e-05,3.877398557960987e-05,0.00039980298606678843,0.00016906301607377827,0.0
5.0,99,RMP,optimized,0.0005033299967180938,4.022906068712473e-05,2.5145025574602187e-05,0.0001117480278480798,0.00012067799980286509,0.00010480401397217065
5.0,100,RMP,baseline,0.0008933789940783754,5.215303099248558e-05,2.9578979592770338e-05,0.00034732097992673516,0.00013682599819730967,0.0
5.0,100,RMP,optimized,0.00048261099436786026,4.9166003009304404e-05,2.968999615404755e-05,0.00010515499161556363,0.00012645500828512013,0.00010156603821087629
5.0,101,RMP,baseline,0.000999658994260244,4.8524976591579616e-05,3.380398266017437e-05,0.0004066260007675737,0.00014873997133690864,0.0
5.0,101,RMP,optimized,0.0005057620001025498,4.426999657880515e-05,2.6505978894419968e-05,0.00011808000272139907,0.00012807500024791807,0.00011195598926860839
5.0,102,RMP,baseline,0.000982582991127856,5.29140088474378e-05,3.096798900514841e-05,0.0003643399977590889,0.0001466570101911202,0.0
5.0,102,RMP,optimized,0.0004813230043509975,4.926504334434867e-05,2.437905641272664e-05,0.00010465801460668445,0.00013173700426705182,0.00010213103087153286
5.0,103,RMP,baseline,0.0015146909863688052,7.291001384146512e-05,8.480997348669916e-05,0.000586803987971507,0.0001895709428936243,0.0
5.0,103,RMP,optimized,0.0005559709970839322,5.229900125414133e-05,2.89059680653736e-05,0.00012543796037789434,0.00014676200225949287,0.00011668997467495501
5.0,104,RMP,baseline,0.0009464100003242493,5.281998892314732e-05,3.0864044674672186e-05,0.00036193903360981494,0.0001419230247847736,0.0
5.0,104,RMP,optimized,0.0005287660023896024,4.978799552191049e-05,2.6520006940700114e-05,0.0001285640028072521,0.0001363060000585392,0.00010694203956518322
5.0,105,RMP,baseline,0.0009683789976406842,4.73950058221817e-05,4.607699520420283e-05,0.0003738569503184408,0.00014030297461431473,0.0
5.0,105,RMP,optimized,0.00050871200801339,4.663702566176653e-05,3.8825994124636054e-05,0.00011197000276297331,0.0001239480043295771,0.00011035603529307991
5.0,106,RMP,baseline,0.0011252059921389446,5.5422031437046826e-05,0.0001466469984734431,0.00040095594886224717,0.0001613489876035601,0.0
5.0,106,RMP,optimized,0.0005786749970866367,5.3172989282757044e-05,2.811997546814382e-05,0.00014537897368427366,0.00014889700105413795,0.00011751394777093083
5.0,107,RMP,baseline,0.0013288699992699549,5.188101204112172e-05,4.2696992750279605e-05,0.0004331380041548982,0.00020519597455859184,0.0
5.0,107,RMP,optimized,0.0006312519981293008,4.4949963921681046e-05,3.052000829484314e-05,0.000123402031022124,0.00015165802324190736,0.00011710300168488175
5.0,108,RMP,baseline,0.0014352959988173097,6.973696872591972e-05,7.049100531730801e-05,0.0005844180268468335,0.0002223280316684395,0.0
5.0,108,RMP,optimized,0.0007559460063930601,5.9803001931868494e-05,3.640599607024342e-05,0.00023213597887661308,0.00017894801567308605,0.00013660902914125472
5.0,109,RMP,baseline,0.0010213409987045452,5.606497870758176e-05,3.282498801127076e-05,0.0004075620090588927,0.00015697999333497137,0.0
5.0,109,RMP,optimized,0.000485095995827578,5.077896639704704e-05,2.6043984689749777e-05,0.00010741301230154932,0.000127568026073277,0.00010291799844708294
5.0,110,RMP,baseline,0.0009599129989510402,4.5490043703466654e-05,3.280503733549267e-05,0.00036026802263222635,0.0001474770251661539,0.0
5.0,110,RMP,optimized,0.0004899250052403659,4.175497451797128e-05,4.105697735212743e-05,0.0001100069930544123,0.0001226510212291032,0.00010370394738856703
5.0,111,RMP,baseline,0.0010415649885544553,6.903902976773679e-05,3.561600169632584e-05,0.0003966380172641948,0.0001821970654418692,0.0
5.0,111,RMP,optimized,0.0004835399886360392,4.8941001296043396e-05,2.5016983272507787e-05,0.0001078239583875984,0.00012850799248553813,0.00010104800458066165
5.0,112,RMP,baseline,0.0009496109996689484,4.5760010834783316e-05,4.4233063817955554e-05,0.0003697080392157659,0.00014015301712788641,0.0
5.0,112,RMP,optimized,0.0005494639917742461,4.2521016439422965e-05,2.692901762202382e-05,0.00011803398956544697,0.00013077800394967198,0.00013505801325663924
5.0,113,RMP,baseline,0.0011031870089937001,5.889302701689303e-05,4.536098276730627e-05,0.00041127100121229887,0.0001980900124181062,0.0
5.0,113,RMP,optimized,0.0005564680031966418,5.8407997130416334e-05,2.8624010155908763e-05,0.00012133993732277304,0.0001507820124970749,0.00011647699284367263
5.0,114,RMP,baseline,0.0010209799947915599,4.743503814097494e-05,3.338797250762582e-05,0.0004202229902148247,0.00014658403233624995,0.0
5.0,114,RMP,optimized,0.0004713709931820631,4.0593004086986184e-05,2.4724009563215077e-05,0.00010711995128076524,0.00012191598943900317,0.00010309499339200556
5.0,115,RMP,baseline,0.0013704880111617967,6.501603638753295e-05,4.7523004468530416e-05,0.0004780690069310367,0.00024329395091626793,0.0
5.0,115,RMP,optimized,0.0006613019941141829,5.490597686730325e-05,5.691600381396711e-05,0.00015916096162982285,0.00016222299018409103,0.00012377201346680522
5.0,116,RMP,baseline,0.0009721139940666035,4.638197424355894e-05,4.4527972931973636e-05,0.0003827649634331465,0.0001375259889755398,0.0
5.0,116,RMP,optimized,0.0006610110140172765,4.367799556348473e-05,0.00010312400991097093,0.00013384196790866554,0.0001617359957890585,0.00012687499111052603
5.0,117,RMP,baseline,0.0009470880031585693,5.287700332701206e-05,3.0157025321386755e-05,0.0003804530279012397,0.00014315603766590357,0.0
5.0,117,RMP,optimized,0.00046960500185377896,4.78260189993307e-05,2.4064021999947727e-05,0.00010291702346876264,0.0001261739816982299,0.00010072300210595131
5.0,118,RMP,baseline,0.0017889500013552606,5.350500578060746e-05,0.00010584000847302377,0.0008962560532381758,0.00019947500550188124,0.0
5.0,118,RMP,optimized,0.0008416299970122054,5.211298412177712e-05,3.7686986615881324e-05,0.00016485198284499347,0.000272538949502632,0.00020640793081838638
5.0,119,RMP,baseline,0.0014524029975291342,6.31609873380512e-05,4.748099308926612e-05,0.0006053360120858997,0.00022018498566467315,0.0
5.0,119,RMP,optimized,0.0005926229932811111,6.37960183667019e-05,2.9842020012438297e-05,0.00013212798512540758,0.0001411039847880602,0.0001391030236845836
5.0,120,RMP,baseline,0.001355900996713899,5.692100967280567e-05,4.285803879611194e-05,0.00044246797915548086,0.00019579697982408106,0.0
5.0,120,RMP,optimized,0.0005754589947173372,6.24989770585671e-05,3.061605093535036e-05,0.0001254299859283492,0.00013800099259242415,0.0001199520193040371
5.0,121,RMP,baseline,0.0009319050004705787,6.502804171759635e-05,3.09100141748786e-05,0.00036246696254238486,0.00014010495215188712,0.0
5.0,121,RMP,optimized,0.000487134006107226,5.031304317526519e-05,2.5865971110761166e-05,0.00010597494838293642,0.00013026900705881417,0.00010459100303705782
5.0,122,RMP,baseline,0.0012073260004399344,5.4176023695617914e-05,4.211903433315456e-05,0.00046624301467090845,0.00019649596652016044,0.0
5.0,122,RMP,optimized,0.0005632349930237979,4.7059045755304396e-05,2.9730013920925558e-05,0.00013374701666180044,0.00015050702495500445,0.0001184410066343844
5.0,123,RMP,baseline,0.0010346369963372126,7.132097380235791e-05,3.502596518956125e-05,0.0004005819937447086,0.00016250998305622488,0.0
5.0,123,RMP,optimized,0.000541328001418151,5.4779971833340824e-05,3.150099655613303e-05,0.00012434502423275262,0.00014183702296577394,0.00011207697389181703
5.0,124,RMP,baseline,0.001135269005317241,5.733195575885475e-05,3.7800040445290506e-05,0.0004468440019991249,0.00018660994828678668,0.0
5.0,124,RMP,optimized,0.0006366779998643324,5.832799070049077e-05,3.263102553319186e-05,0.00014101197302807122,0.00017868803115561604,0.00012645905371755362
5.0,125,RMP,baseline,0.0012577809975482523,7.428602839354426e-05,4.0579994674772024e-05,0.00047380402975250036,0.0001887669786810875,0.0
5.0,125,RMP,optimized,0.000482572999317199,4.862305650021881e-05,2.4166976800188422e-05,0.00010661498527042568,0.00012783097918145359,0.00010224600555375218
5.0,126,RMP,baseline,0.0009429299971088767,4.791501851286739e-05,3.212704905308783e-05,0.00037608001730404794,0.0001403640053467825,0.0
5.0,126,RMP,optimized,0.0004846480005653575,4.0732003981247544e-05,2.600200241431594e-05,0.00010578896035440266,0.00013634601782541722,0.00010171596659347415
5.0,127,RMP,baseline,0.001051587998517789,4.896298923995346e-05,3.8427955587394536e-05,0.00039956798718776554,0.00015974495909176767,0.0
5.0,127,RMP,optimized,0.0005597470008069649,6.440300785470754e-05,2.8489012038335204e-05,0.00012831199273932725,0.0001429890253348276,0.00011369300773367286
5.0,128,RMP,baseline,0.0013545310066547245,7.753894897177815e-05,4.307298513595015e-05,0.00048497001989744604,0.00025752800866030157,0.0
5.0,128,RMP,optimized,0.0006070940144127235,6.1318016378209e-05,3.156097955070436e-05,0.00013508401752915233,0.0001630280603421852,0.00012031001097057015
5.0,129,RMP,baseline,0.000925635002204217,4.255004751030356e-05,3.067495708819479e-05,0.0003726159920915961,0.00013690799823962152,0.0
5.0,129,RMP,optimized,0.0005374199972720817,4.065399116370827e-05,2.8005015337839723e-05,0.00014241802273318172,0.0001316010020673275,0.00011684396304190159
5.0,130,RMP,baseline,0.0009664749959483743,5.3329989896155894e-05,4.0786981116980314e-05,0.0003696299536386505,0.000144548001117073,0.0
5.0,130,RMP,optimized,0.0004933169984724373,4.972000897396356e-05,2.520799171179533e-05,0.00010509997082408518,0.0001276909897569567,0.00010222604032605886
5.0,131,RMP,baseline,0.0009954400011338294,4.853199061471969e-05,3.44400032190606e-05,0.0003777470119530335,0.00017586900503374636,0.0
5.0,131,RMP,optimized,0.0005545589956454933,4.7478009946644306e-05,3.036699490621686e-05,0.00013109599240124226,0.00014640002336818725,0.00011553600779734552
5.0,132,RMP,baseline,0.0009544149943394586,5.3355019190348685e-05,3.094694693572819e-05,0.00036918096884619445,0.00016017699090298265,0.0
5.0,132,RMP,optimized,0.0005294510046951473,6.016901170369238e-05,2.7373971533961594e-05,0.0001146549911936745,0.00013974901230540127,0.00011061302211601287
5.0,133,RMP,baseline,0.0016935180028667673,8.050401811487973e-05,9.603398211766034e-05,0.0006499239825643599,0.0003054089902434498,0.0
5.0,133,RMP,optimized,0.0005127759941387922,4.4186002924107015e-05,2.570600190665573e-05,0.00012486999912653118,0.0001294559915550053,0.00010800702148117125
5.0,134,RMP,baseline,0.000967425003182143,5.501596024259925e-05,3.168894909322262e-05,0.0003778129903366789,0.00015685004473198205,0.0
5.0,134,RMP,optimized,0.0004915969911962748,4.997896030545235e-05,2.627000503707677e-05,0.00010936301259789616,0.00013060896890237927,0.00010271098290104419
5.0,135,RMP,baseline,0.001510717993369326,7.52759660826996e-05,5.827899440191686e-05,0.0005590389773715287,0.00023925001733005047,0.0
5.0,135,RMP,optimized,0.0007506020047003403,6.125593790784478e-05,4.1459978092461824e-05,0.0001881580101326108,0.00019191800674889237,0.0001706820330582559
5.0,136,RMP,baseline,0.001302386008319445,9.988798410631716e-05,4.453203291632235e-05,0.00047666400496382266,0.00020245597988832742,0.0
5.0,136,RMP,optimized,0.0006281520036282018,5.3937939810566604e-05,3.532598202582449e-05,0.00014911101607140154,0.0001561270037200302,0.00013275601668283343
5.0,137,RMP,baseline,0.001397886997438036,6.729002052452415e-05,5.119903653394431e-05,0.0005186990165384486,0.00022153198369778693,0.0
5.0,137,RMP,optimized,0.0005550729983951896,4.6896006097085774e-05,2.963597944471985e-05,0.00013334200775716454,0.00014164700405672193,0.00012228198465891182
5.0,138,RMP,baseline,0.0011278710007900372,6.161197961773723e-05,5.152297671884298e-05,0.00044230899948161095,0.0001815470022847876,0.0
5.0,138,RMP,optimized,0.0005132399965077639,4.983803955838084e-05,2.6559981051832438e-05,0.00011231299140490592,0.00014589400961995125,0.00010631003533490002
5.0,139,RMP,baseline,0.0009696039924165234,4.578899824991822e-05,3.2434007152915e-05,0.0003774299839278683,0.00014618101704400033,0.0
5.0,139,RMP,optimized,0.0007837839948479086,0.00016460703045595437,4.8375019105151296e-05,0.00015569698007311672,0.00015406501188408583,0.00015380301920231432
5.0,140,RMP,baseline,0.0009903030004352331,6.768395542167127e-05,3.616895992308855e-05,0.0003843320591840893,0.00014951100456528366,0.0
5.0,140,RMP,optimized,0.0005237830046098679,5.0996008212678134e-05,2.709102409426123e-05,0.00011225997877772897,0.00014523504069074988,0.00010379300510976464
5.0,141,RMP,baseline,0.00094640399038326,4.609198367688805e-05,3.239703073631972e-05,0.0003649060381576419,0.00014357405598275363,0.0
5.0,141,RMP,optimized,0.0005954109947197139,4.834399442188442e-05,3.201700747013092e-05,0.0001270269713131711,0.0001633090287214145,0.00012931400851812214
5.0,142,RMP,baseline,0.0012887149932794273,6.905196642037481e-05,4.558201180770993e-05,0.0005107410106575117,0.00020249899534974247,0.0
5.0,142,RMP,optimized,0.000795118001406081,6.216303154360503e-05,4.02730074711144e-05,0.0002045470173470676,0.00020134099759161472,0.00013250297342892736
5.0,143,RMP,baseline,0.0011258059967076406,4.83809708384797e-05,3.56250093318522e-05,0.0004474780143937096,0.00017251298413611948,0.0
5.0,143,RMP,optimized,0.00048758699267636985,4.212999192532152e-05,2.8453985578380525e-05,0.00011175400868523866,0.00012316602806095034,0.00010749496868811548
5.0,144,RMP,baseline,0.0009838580008363351,5.42299821972847e-05,3.340299008414149e-05,0.00038149202009662986,0.00014816399198025465,0.0
5.0,144,RMP,optimized,0.00048109899216797203,4.891600110568106e-05,2.4540000595152378e-05,0.00010653799108695239,0.0001287510385736823,0.00010103199747391045
5.0,145,RMP,baseline,0.0010711459908634424,5.239700840320438e-05,3.6200988688506186e-05,0.0003956530417781323,0.0001752370153553784,0.0
5.0,145,RMP,optimized,0.0005196799902478233,4.3814987293444574e-05,2.717101597227156e-05,0.00011614499089773744,0.00013309599307831377,0.00011167298362124711
5.0,146,RMP,baseline,0.0014707950031151995,8.36950057419017e-05,4.872000135947019e-05,0.0005617090064333752,0.0002555679966462776,0.0
5.0,146,RMP,optimized,0.0010370740055805072,5.609697836916894e-05,6.187001417856663e-05,0.00014825395192019641,0.00049535499420017,0.00012754200724884868
5.0,147,RMP,baseline,0.000966214996878989,4.684194573201239e-05,4.284002352505922e-05,0.0003691889869514853,0.0001647280005272478,0.0
5.0,147,RMP,optimized,0.0005257629964035004,4.651898052543402e-05,2.805396798066795e-05,0.0001196759840240702,0.00014315401494968683,0.00011532301141414791
5.0,148,RMP,baseline,0.0013293060037540272,6.194392335601151e-05,4.0824044845066965e-05,0.00048620002053212374,0.00020191601652186364,0.0
5.0,148,RMP,optimized,0.0005220530001679435,5.364502430893481e-05,2.6941008400171995e-05,0.00011619397264439613,0.00013853500422555953,0.00010852699051611125
5.0,149,RMP,baseline,0.0011187019990757108,6.067502545192838e-05,4.1514053009450436e-05,0.0004528970457613468,0.00016586101264692843,0.0
5.0,149,RMP,optimized,0.000545532995602116,4.187999002169818e-05,2.8584006940945983e-05,0.00014563699369318783,0.00013380999735090882,0.00011215799895580858
5.0,150,RMP,baseline,0.0009174800070468336,5.11550169903785e-05,2.8064954676665366e-05,0.0003613780136220157,0.00014125797315500677,0.0
5.0,150,RMP,optimized,0.000584898007218726,5.294302536640316e-05,2.9171962523832917e-05,0.00012383097782731056,0.0001693670346867293,0.00011529801122378558
5.0,151,RMP,baseline,0.000940652986173518,4.481103678699583e-05,3.104799543507397e-05,0.0003776320081669837,0.00013955605390947312,0.0
5.0,151,RMP,optimized,0.0005570719949901104,5.132101068738848e-05,3.3555959817022085e-05,0.00012790302571374923,0.00015428601182065904,0.00011447998986113816
5.0,152,RMP,baseline,0.0011426630080677569,6.120001489762217e-05,6.364403816405684e-05,0.00040693601476959884,0.00019712901848834008,0.0
5.0,152,RMP,optimized,0.0005279749893816188,5.431099270936102e-05,2.7695001335814595e-05,0.00011721299961209297,0.0001408540119882673,0.00010960600047837943
5.0,153,RMP,baseline,0.000936732001719065,4.512000305112451e-05,2.9735980206169188e-05,0.0003783190040849149,0.00013634099741466343,0.0
5.0,153,RMP,optimized,0.0010671999916667119,6.120697071310133e-05,4.4150001485832036e-05,0.0003416430263314396,0.0002693939895834774,0.0001777030120138079
5.0,154,RMP,baseline,0.0012381089909467846,6.78849610267207e-05,4.190002800896764e-05,0.0004520870134001598,0.0002304259833181277,0.0
5.0,154,RMP,optimized,0.00065034200088121,6.0798003687523305e-05,3.1531002605333924e-05,0.00014381000073626637,0.00018533498223405331,0.000129696010844782
5.0,155,RMP,baseline,0.0009008490014821291,5.20939938724041e-05,3.0455004889518023e-05,0.00035178706457372755,0.00013851099356543273,0.0
5.0,155,RMP,optimized,0.0005295150040183216,7.93610088294372e-05,2.7565984055399895e-05,0.0001096859632525593,0.00013326099724508822,0.00010436501179356128
5.0,156,RMP,baseline,0.0009993970015784726,5.16770378453657e-05,3.337398811709136e-05,0.00038125897117424756,0.00014999699487816542,0.0
5.0,156,RMP,optimized,0.0006951149989617988,5.160899308975786e-05,3.547397500369698e-05,0.000152429987792857,0.00020990996563341469,0.0001313059765379876
5.0,157,RMP,baseline,0.0010192600020673126,5.656997382175177e-05,3.7415025872178376e-05,0.00038404398947022855,0.0001544460392324254,0.0
5.0,157,RMP,optimized,0.000509757999680005,5.3010022384114563e-05,2.7572954422794282e-05,0.00011162699956912547,0.0001385869982186705,0.00010825796925928444
5.0,158,RMP,baseline,0.0010371990065323189,5.393603350967169e-05,4.043102671857923e-05,0.000412684035836719,0.00015234995225910097,0.0
5.0,158,RMP,optimized,0.0006662969972239807,4.7841997002251446e-05,3.302301047369838e-05,0.0001637059758650139,0.00014823903620708734,0.0001650970079936087
5.0,159,RMP,baseline,0.0014531380002154037,8.588207128923386e-05,6.948401278350502e-05,0.000574607023736462,0.00020136701641604304,0.0
5.0,159,RMP,optimized,0.0004960460064467043,4.956698103342205e-05,2.5951987481676042e-05,0.00011092198838014156,0.00013074500020593405,0.00010431800910737365
5.0,160,RMP,baseline,0.0009591410052962601,5.4989985073916614e-05,3.430801734793931e-05,0.00037556400639005005,0.00014347699470818043,0.0
5.0,160,RMP,optimized,0.0005168079951545224,4.295997496228665e-05,2.7031986974179745e-05,0.00011341803474351764,0.00013209797907620668,0.00012399101979099214
5.0,161,RMP,baseline,0.0010758540011011064,6.236706394702196e-05,3.8521975511685014e-05,0.00041881298238877207,0.00016553400200791657,0.0
5.0,161,RMP,optimized,0.0007222329877549782,0.00010215202928520739,4.516197077464312e-05,0.00015943901962600648,0.00016368998331017792,0.00015283601533155888
5.0,162,RMP,baseline,0.0010051350109279156,4.409403481986374e-05,3.646101686172187e-05,0.0003697020001709461,0.00018509701476432383,0.0
5.0,162,RMP,optimized,0.0004771779931616038,4.252996586728841e-05,2.6983005227521062e-05,0.0001099740038625896,0.000125024002045393,0.00010437499440740794
5.0,163,RMP,baseline,0.0010220969998044893,6.382301216945052e-05,3.3620031899772584e-05,0.0003851639630738646,0.00015510099183302373,0.0
5.0,163,RMP,optimized,0.0012814350047847256,8.173401874955744e-05,5.3921990911476314e-05,0.0003985209623351693,0.00029301398899406195,0.00018722296226769686
5.0,164,RMP,baseline,0.001034967994200997,5.079501715954393e-05,3.483801265247166e-05,0.00042598597065079957,0.00015911401715129614,0.0
5.0,164,RMP,optimized,0.0005176159902475774,4.096300108358264e-05,2.543297887314111e-05,0.000130127024021931,0.00012779103417415172,0.00010191998444497585
5.0,165,RMP,baseline,0.0009893649985315278,5.588096973951906e-05,3.378698602318764e-05,0.0003748460003407672,0.00015246699331328273,0.0
5.0,165,RMP,optimized,0.0008826630073599517,5.666498327627778e-05,3.381700662430376e-05,0.00017175600805785507,0.00019774099928326905,0.0003153200086671859
5.0,166,RMP,baseline,0.0009937829890986905,4.52470121672377e-05,3.077198925893754e-05,0.00041562899423297495,0.0001420530170435086,0.0
5.0,166,RMP,optimized,0.0005152430094312876,4.87810029881075e-05,3.1620977097190917e-05,0.00011194797116331756,0.00013090397987980396,0.00010710999777074903
5.0,167,RMP,baseline,0.000917671000934206,5.28710224898532e-05,3.059302980545908e-05,0.0003556180017767474,0.00014043496048543602,0.0
5.0,167,RMP,optimized,0.00047963400720618665,4.8919013352133334e-05,2.5052999262697995e-05,0.00010459398617967963,0.00012939998123329133,0.00010200703400187194
5.0,168,RMP,baseline,0.0009902690071612597,4.8017012886703014e-05,3.176099562551826e-05,0.00038634899829048663,0.00014980201376602054,0.0
5.0,168,RMP,optimized,0.0006038419960532337,4.620797699317336e-05,3.137103340122849e-05,0.0001258349948329851,0.0001989339798456058,0.00011685799108818173
5.0,169,RMP,baseline,0.0009513809927739203,5.655296263284981e-05,3.0170005629770458e-05,0.00036766698758583516,0.00015491896192543209,0.0
5.0,169,RMP,optimized,0.00048139500722754747,4.9969006795436144e-05,2.5258006644435227e-05,0.00010573798499535769,0.00012852498912252486,0.00010078698687721044
5.0,170,RMP,baseline,0.0012560369941638783,6.402899452950805e-05,4.229102341923863e-05,0.0004604609857778996,0.00020775003940798342,0.0
5.0,170,RMP,optimized,0.000609276001341641,5.683099152520299e-05,3.063902840949595e-05,0.00013523900997824967,0.00015888096822891384,0.00012541498290374875
5.0,171,RMP,baseline,0.0010736139956861734,5.2683011745102704e-05,3.663096867967397e-05,0.0004037909966427833,0.00019231098121963441,0.0
5.0,171,RMP,optimized,0.0004975060001015663,4.434102447703481e-05,2.600796869955957e-05,0.00011569396883714944,0.00012481003068387508,0.00010506194666959345
5.0,172,RMP,baseline,0.0010638370004016906,5.8147008530795574e-05,3.435804683249444e-05,0.0004081110091647133,0.00016887001402210444,0.0
5.0,172,RMP,optimized,0.0005636739952024072,5.538201367016882e-05,2.8315000236034393e-05,0.00011667703802231699,0.00014516002556774765,0.00011285602522548288
5.0,173,RMP,baseline,0.0009760130051290616,4.619995888788253e-05,3.266007115598768e-05,0.0003821670397883281,0.00014215902774594724,0.0
5.0,173,RMP,optimized,0.00048201299796346575,4.126298881601542e-05,2.5080982595682144e-05,0.00011163299495819956,0.00012340697867330164,0.000104677994386293
5.0,174,RMP,baseline,0.0012837100075557828,6.970501272007823e-05,5.9682977735064924e-05,0.0004467770195333287,0.0002292030258104205,0.0
5.0,174,RMP,optimized,0.0008577309927204624,7.422400813084096e-05,4.178905510343611e-05,0.00016046599193941802,0.0003075039858231321,0.0001482879597460851
5.0,175,RMP,baseline,0.0010370020027039573,5.031601176597178e-05,3.549104440025985e-05,0.0004107809945708141,0.00015368298045359552,0.0
5.0,175,RMP,optimized,0.0004804150084964931,4.393594281282276e-05,2.5508052203804255e-05,0.00010881104390136898,0.00012439602869562805,0.000105498984339647
5.0,176,RMP,baseline,0.0009565680084051564,5.276004958432168e-05,3.015305264852941e-05,0.00036999903386458755,0.0001550269516883418,0.0
5.0,176,RMP,optimized,0.0006800219998694956,6.232596933841705e-05,3.952298720832914e-05,0.0001409500400768593,0.00019291398348286748,0.00014465698041021824
5.0,177,RMP,baseline,0.0009689730068203062,6.326197762973607e-05,3.598896728362888e-05,0.0003704309929162264,0.00014099902182351798,0.0
5.0,177,RMP,optimized,0.000641827005892992,5.755700112786144e-05,3.1278017559088767e-05,0.00017547003517393023,0.00015043395978864282,0.00012950596283189952
5.0,178,RMP,baseline,0.0009398310066899285,5.4274016292765737e-05,3.363602445460856e-05,0.00036373095645103604,0.00014233602269086987,0.0
5.0,178,RMP,optimized,0.0007159929955378175,5.788197449874133e-05,4.543700197245926e-05,0.0002070359914796427,0.00017009599832817912,0.00013763901370111853
5.0,179,RMP,baseline,0.0015595729928463697,6.861798465251923e-05,5.466300353873521e-05,0.0005591789958998561,0.00032202000147663057,0.0
5.0,179,RMP,optimized,0.0005741740023950115,4.363898187875748e-05,3.291098983027041e-05,0.00013375398702919483,0.0001613529893802479,0.00011811600415967405
5.0,180,RMP,baseline,0.0009857350087258965,5.45439834240824e-05,3.120102337561548e-05,0.0003739609819604084,0.0001530540466774255,0.0
5.0,180,RMP,optimized,0.0005895790091017261,5.784604582004249e-05,3.175997699145228e-05,0.00012783700367435813,0.00017370899149682373,0.00012084704940207303
5.0,181,RMP,baseline,0.0009002199949463829,4.370999522507191e-05,2.9184011509642005e-05,0.000346863002050668,0.0001316099805990234,0.0
5.0,181,RMP,optimized,0.00048588699428364635,4.317497950978577e-05,2.7163972845301032e-05,0.00011148503108415753,0.00012562300253193825,0.0001088790304493159
5.0,182,RMP,baseline,0.0010017800086643547,5.526801396626979e-05,3.47509776474908e-05,0.00038029700226616114,0.00015757196524646133,0.0
5.0,182,RMP,optimized,0.0005998520064167678,7.255499076563865e-05,3.141896740999073e-05,0.00013374902482610196,0.00014334400475490838,0.00011607800843194127
5.0,183,RMP,baseline,0.001244560000486672,5.7240977184847e-05,4.1211984353139997e-05,0.0004857180028920993,0.00019679899560287595,0.0
5.0,183,RMP,optimized,0.0007234650111058727,5.3369090892374516e-05,3.495201235637069e-05,0.00015641406935174018,0.00021330600429791957,0.00013541300722863525
5.0,184,RMP,baseline,0.0010393300035502762,5.760701606050134e-05,3.479799488559365e-05,0.0004153800109634176,0.00015391703345812857,0.0
5.0,184,RMP,optimized,0.0005268770037218928,5.182401218917221e-05,2.7469999622553587e-05,0.00011645500489976257,0.0001471210125600919,0.00010816399299073964
5.0,185,RMP,baseline,0.0009892420057440177,4.6241009840741754e-05,3.283498517703265e-05,0.00038894099998287857,0.00014505897706840187,0.0
5.0,185,RMP,optimized,0.0005389790021581575,5.438699736259878e-05,3.4320997656323016e-05,0.00012001801223959774,0.00013307298650033772,0.00011674202687572688
5.0,186,RMP,baseline,0.0010099140054080635,5.597095878329128e-05,3.4428987419232726e-05,0.0003786509914789349,0.00015846303722355515,0.0
5.0,186,RMP,optimized,0.0006315170030575246,5.693398998118937e-05,4.234498192090541e-05,0.00013423200289253145,0.0001776179560692981,0.00012034300016239285
5.0,187,RMP,baseline,0.0010153029870707542,4.5567998313345015e-05,3.231799928471446e-05,0.00036853701749350876,0.00014465201820712537,0.0
5.0,187,RMP,optimized,0.000479152993648313,4.112999886274338e-05,2.4941022275015712e-05,0.0001119990338338539,0.00012377403618302196,0.00010467400716152042
5.0,188,RMP,baseline,0.0009328620071755722,5.193900142330676e-05,3.034595283679664e-05,0.00035869899147655815,0.0001430240081390366,0.0
5.0,188,RMP,optimized,0.0005029939929954708,5.133196827955544e-05,2.6470981538295746e-05,0.00011579298006836325,0.00013113800378050655,0.00010403701162431389
5.0,189,RMP,baseline,0.0018481300066923723,5.5572978453710675e-05,5.954400694463402e-05,0.000885209025000222,0.000218583969399333,0.0
5.0,189,RMP,optimized,0.0009750620083650574,7.190399628598243e-05,4.9687063437886536e-05,0.00019641903054434806,0.00025324002490378916,0.00026372096908744425
5.0,190,RMP,baseline,0.001004990001092665,5.621404852718115e-05,3.188602568116039e-05,0.00039785799162928015,0.0001527840067865327,0.0
5.0,190,RMP,optimized,0.0005109070043545216,4.998198710381985e-05,2.575802500359714e-05,0.00010973800090141594,0.00013439498434308916,0.00011608099157456309
5.0,191,RMP,baseline,0.0016938660119194537,6.05069799348712e-05,5.479699757415801e-05,0.0007266209868248552,0.00022815798001829535,0.0
5.0,191,RMP,optimized,0.000716370006557554,5.340797360986471e-05,3.80209821742028e-05,0.00018559595628175884,0.00017149500490631908,0.00016455299919471145
5.0,192,RMP,baseline,0.001277403993299231,6.59070210531354e-05,4.756101407110691e-05,0.00045008402958046645,0.00022632403124589473,0.0
5.0,192,RMP,optimized,0.0008776450122240931,8.527397585567087e-05,6.758297968190163e-05,0.00018918805290013552,0.0002266180090373382,0.0001611449697520584
5.0,193,RMP,baseline,0.0012996900040889159,5.5019991123117507e-05,6.82399986544624e-05,0.0004627300222637132,0.00021366702276282012,0.0
5.0,193,RMP,optimized,0.0008756989991525188,7.700601418036968e-05,4.5096021494828165e-05,0.00021313296747393906,0.00022689803154207766,0.00019161896489094943
5.0,194,RMP,baseline,0.0009652439912315458,5.470802716445178e-05,3.211201692465693e-05,0.00036428206658456475,0.0001478310296079144,0.0
5.0,194,RMP,optimized,0.00047268299385905266,4.8411995521746576e-05,2.5415996788069606e-05,0.0001015570160234347,0.0001264220045413822,9.944898192770779e-05
5.0,195,RMP,baseline,0.0010131970047950745,4.9208989366889e-05,5.3875992307439446e-05,0.000383608989068307,0.0001524450199212879,0.0
5.0,195,RMP,optimized,0.0007326740014832467,7.572499453090131e-05,4.0674000047147274e-05,0.00014772298163734376,0.00016175500059034675,0.0001410060067428276
5.0,196,RMP,baseline,0.0010195469949394464,5.5680982768535614e-05,3.2728014048188925e-05,0.00038060905353631824,0.00015293397882487625,0.0
5.0,196,RMP,optimized,0.0005214270058786497,4.999899829272181e-05,2.6605019229464233e-05,0.00012736799544654787,0.00013419297465588897,0.0001072069862857461
5.0,197,RMP,baseline,0.0009077559952856973,5.5833967053331435e-05,3.0397961381822824e-05,0.0003576810413505882,0.00013037503231316805,0.0
5.0,197,RMP,optimized,0.0005026509898016229,4.191097104921937e-05,3.168900730088353e-05,0.00011299198376946151,0.00014012593601364642,0.00010524995741434395
5.0,198,RMP,baseline,0.0010073680023197085,5.590902583207935e-05,3.448704956099391e-05,0.00038234697422012687,0.00016583198157604784,0.0
5.0,198,RMP,optimized,0.0005877530056750402,5.0346963689662516e-05,3.2310039387084544e-05,0.00014895999629516155,0.00015024802996776998,0.00010930198186542839
5.0,199,RMP,baseline,0.0011139430134790018,5.372198938857764e-05,3.59590194420889e-05,0.0004123479884583503,0.00015467600314877927,0.0
5.0,199,RMP,optimized,0.0005578559939749539,5.821397644467652e-05,3.0515031539835036e-05,0.0001236919779330492,0.00013813601981382817,0.00012493594840634614
5.0,200,RMP,baseline,0.0015536130085820332,7.650796032976359e-05,5.822100501973182e-05,0.0005343259836081415,0.0002774989843601361,0.0
5.0,200,RMP,optimized,0.0008431910100625828,6.445895996876061e-05,3.945099888369441e-05,0.0001671220234129578,0.0002090760099235922,0.00015226697723846883
5.0,201,RMP,baseline,0.0010218030074611306,5.814600444864482e-05,3.499502781778574e-05,0.0003899380099028349,0.00015665699902456254,0.0
5.0,201,RMP,optimized,0.00047367799561470747,4.842499038204551e-05,2.484196738805622e-05,0.00010333499812986702,0.00012519002484623343,0.00010343904432374984
5.0,202,RMP,baseline,0.0012500339944381267,5.489996692631394e-05,4.229600017424673e-05,0.0004986749991076067,0.00018690801516640931,0.0
5.0,202,RMP,optimized,0.0005264369974611327,4.273098602425307e-05,4.087602428626269e-05,0.00011818700295407325,0.00013295502867549658,0.00010977099009323865
5.0,203,RMP,baseline,0.0010325510083930567,5.5666008847765625e-05,3.726700379047543e-05,0.0003817149845417589,0.00015897197590675205,0.0
5.0,203,RMP,optimized,0.0006473910034401342,5.281998892314732e-05,3.0347000574693084e-05,0.00019412700203247368,0.0001585120044182986,0.00011617603013291955
5.0,204,RMP,baseline,0.0014810019929427654,6.873102393001318e-05,4.833500133827329e-05,0.0005292739806463942,0.00023171598149929196,0.0
5.0,204,RMP,optimized,0.0006810300110373646,5.6454926379956305e-05,4.333401739131659e-05,0.00014653702965006232,0.00019445197540335357,0.0001325439807260409
5.0,205,RMP,baseline,0.0009676629997557029,5.312198481988162e-05,3.067099896725267e-05,0.00036319997161626816,0.00014840498624835163,0.0
5.0,205,RMP,optimized,0.0005163790046935901,5.213299300521612e-05,2.77829822152853e-05,0.00011417298810556531,0.00013689098705071956,0.00010888102406170219
5.0,206,RMP,baseline,0.0009679619979579002,5.084001168143004e-05,3.637699410319328e-05,0.0003773789940169081,0.0001503240200690925,0.0
5.0,206,RMP,optimized,0.0005368209967855364,4.40419971710071e-05,2.8039008611813188e-05,0.00013403197226580232,0.00013520201900973916,0.00011060299584642053
5.0,207,RMP,baseline,0.0015324950072681531,0.00010588204895611852,5.862202669959515e-05,0.0005169359938008711,0.00023342398344539106,0.0
5.0,207,RMP,optimized,0.0008478839881718159,6.381503771990538e-05,7.034596637822688e-05,0.00020463801047299057,0.00019314998644404113,0.00016785603656899184
5.0,208,RMP,baseline,0.0009015130053739995,4.416699812281877e-05,3.041797026526183e-05,0.00035695200494956225,0.00013278301048558205,0.0
5.0,208,RMP,optimized,0.00046146000386215746,4.0480983443558216e-05,2.420398232061416e-05,0.00010564901458565146,0.00011968698527198285,0.00010138604557141662
5.0,209,RMP,baseline,0.001558805990498513,8.205398626159877e-05,5.421499372459948e-05,0.0005484980210894719,0.00023441201483365148,0.0
5.0,209,RMP,optimized,0.0006362830026773736,5.8518024161458015e-05,4.80159797007218e-05,0.00013589902664534748,0.00017743304488249123,0.00012722003157250583
5.0,210,RMP,baseline,0.0009606680105207488,4.535898915491998e-05,5.000799137633294e-05,0.0003674410254461691,0.00014032602484803647,0.0
5.0,210,RMP,optimized,0.0004979880031896755,4.1880979551933706e-05,2.6729016099125147e-05,0.00011524397996254265,0.0001258599804714322,0.00010546502016950399
5.0,211,RMP,baseline,0.00239031900127884,8.044904097914696e-05,0.0001825850340537727,0.0007810550305293873,0.0004292100202292204,0.0
5.0,211,RMP,optimized,0.000964995997492224,8.010995225049555e-05,5.221301398705691e-05,0.0002944690058939159,0.0002437739894958213,0.00016899399633985013
5.0,212,RMP,baseline,0.000971927001955919,5.216605495661497e-05,3.3361997338943183e-05,0.00037760000850539654,0.00014248299703467637,0.0
5.0,212,RMP,optimized,0.0004714840033557266,4.0304032154381275e-05,3.0509982025250793e-05,0.00010652800847310573,0.00012081301247235388,0.0001028659607982263
5.0,213,RMP,baseline,0.0010398150043329224,6.0573016526177526e-05,3.559995093382895e-05,0.00038748203951399773,0.0001598119270056486,0.0
5.0,213,RMP,optimized,0.0006341900007100776,7.095801993273199e-05,2.843700349330902e-05,0.00012387499737087637,0.00014541902055498213,0.00017916804063133895
5.0,214,RMP,baseline,0.0011982559954049066,5.0020942580886185e-05,4.1404011426493526e-05,0.00041693901584949344,0.0001756169949658215,0.0
5.0,214,RMP,optimized,0.0005560360004892573,4.68689831905067e-05,2.829800359904766e-05,0.00012314599007368088,0.00013090803986415267,0.00014181101869326085
5.0,215,RMP,baseline,0.0009164470102405176,4.649002221412957e-05,3.157595347147435e-05,0.0003604030207497999,0.00013473899161908776,0.0
5.0,215,RMP,optimized,0.0004951870068907738,5.026094731874764e-05,2.7335016056895256e-05,0.00011601802543736994,0.00012627299292944372,0.00010443400242365897
5.0,216,RMP,baseline,0.0010091610020026565,5.59379841433838e-05,3.216200275346637e-05,0.00038719702570233494,0.0001533619943074882,0.0
5.0,216,RMP,optimized,0.0004775910056196153,4.95939893880859e-05,2.4854001821950078e-05,0.00010646801092661917,0.0001268319902010262,0.00010187301086261868
5.0,217,RMP,baseline,0.0010125999979209155,4.521601658780128e-05,3.426501643843949e-05,0.0004049679700983688,0.00014530702901538461,0.0
5.0,217,RMP,optimized,0.0005929119943175465,5.8133024140261114e-05,3.821800055447966e-05,0.00013056598254479468,0.0001394879654981196,0.0001223329600179568
5.0,218,RMP,baseline,0.0010508790001040325,6.048103387001902e-05,3.58149700332433e-05,0.0003910650557372719,0.00015810102922841907,0.0
5.0,218,RMP,optimized,0.0005794669996248558,5.5104042985476553e-05,3.1302988645620644e-05,0.00013566600682679564,0.0001556350034661591,0.00011668400838971138
5.0,219,RMP,baseline,0.0011496980005176738,5.2333009080030024e-05,4.062903462909162e-05,0.00048282399075105786,0.0001615499350009486,0.0
5.0,219,RMP,optimized,0.000534306003828533,4.51139931101352e-05,2.7928996132686734e-05,0.00012399803381413221,0.00013769902579952031,0.0001112629979616031
5.0,220,RMP,baseline,0.0011430290032876655,6.184702215250582e-05,4.111099406145513e-05,0.0004347329813754186,0.00017485496937297285,0.0
5.0,220,RMP,optimized,0.000503553994349204,5.249601963441819e-05,2.71580065600574e-05,0.00010970201401505619,0.00013275699166115373,0.00010264998127240688
5.0,221,RMP,baseline,0.0009914979891618714,5.952701030764729e-05,3.3157033612951636e-05,0.0003961939801229164,0.00013987104466650635,0.0
5.0,221,RMP,optimized,0.0004891730059171095,4.1630963096395135e-05,2.6162975700572133e-05,0.00010928296251222491,0.0001246399770025164,0.0001081489899661392
5.0,222,RMP,baseline,0.0009408269979758188,5.2679955842904747e-05,3.1472023692913353e-05,0.0003703929833136499,0.00014326005475595593,0.0
5.0,222,RMP,optimized,0.0005032219924032688,4.847202217206359e-05,2.57130159297958e-05,0.00011321401689201593,0.00012987101217731833,0.00010582103277556598
5.0,223,RMP,baseline,0.0008992210059659556,4.307001654524356e-05,2.8637019568122923e-05,0.00035612900683190674,0.0001292360102524981,0.0
5.0,223,RMP,optimized,0.0009468499920330942,8.010402962099761e-05,6.168900290504098e-05,0.0001986569695873186,0.00024237304751295596,0.00021260700304992497
5.0,224,RMP,baseline,0.0009320190001744777,5.2328992751426995e-05,3.948800440412015e-05,0.0003676930064102635,0.0001382599730277434,0.0
5.0,224,RMP,optimized,0.00047213799552991986,4.849302058573812e-05,2.4082022719085217e-05,0.00010387797374278307,0.0001249439810635522,9.998200403060764e-05
5.0,225,RMP,baseline,0.0009011079964693636,4.347502544987947e-05,2.8928989195264876e-05,0.0003635639586718753,0.00013062202197033912,0.0
5.0,225,RMP,optimized,0.0006173630099510774,4.650300252251327e-05,3.3244985388591886e-05,0.00013753700477536768,0.00018504701438359916,0.00012377100938465446
5.0,226,RMP,baseline,0.0010991620074491948,6.851201760582626e-05,4.351102688815445e-05,0.00042853003833442926,0.0001777180004864931,0.0
5.0,226,RMP,optimized,0.0006402979925042018,5.3283991292119026e-05,3.0782000976614654e-05,0.0001307039929088205,0.000191867962712422,0.00014729199756402522
5.0,227,RMP,baseline,0.0010151180031243712,4.702300066128373e-05,3.292202018201351e-05,0.000404198988690041,0.00014702198677696288,0.0
5.0,227,RMP,optimized,0.0005207759968470782,5.354198219720274e-05,2.733204746618867e-05,0.0001130889868363738,0.00013922801008448005,0.00010673500946722925
5.0,228,RMP,baseline,0.0009182939975289628,5.301697819959372e-05,3.044397453777492e-05,0.0003577169991331175,0.00014141800056677312,0.0
5.0,228,RMP,optimized,0.0005736979946959764,5.3934010793454945e-05,2.9351998819038272e-05,0.00012762598635163158,0.0001471489667892456,0.0001288629719056189
5.0,229,RMP,baseline,0.00275098200654611,0.00010048698459286243,0.00010067601397167891,0.0009159599867416546,0.0005818719801027328,0.0
5.0,229,RMP,optimized,0.0006678390054730698,5.314906593412161e-05,3.274602931924164e-05,0.00014155400276649743,0.00021821698464918882,0.0001293119858019054
5.0,230,RMP,baseline,0.0012053340033162385,5.4437012295238674e-05,3.9346981793642044e-05,0.00040689502202440053,0.00017924401618074626,0.0
5.0,230,RMP,optimized,0.000510259997099638,4.053598968312144e-05,2.5429006200283766e-05,0.00011369997810106725,0.0001433620200259611,0.0001062440569512546
5.0,231,RMP,baseline,0.001130224991356954,7.66229786677286e-05,3.7627978599630296e-05,0.00044381702900864184,0.00017460303206462413,0.0
5.0,231,RMP,optimized,0.0005147190095158294,5.3921976359561086e-05,2.577897976152599e-05,0.00011488402378745377,0.0001351000100839883,0.00010710400238167495
5.0,232,RMP,baseline,0.0009524820052320138,5.369099380914122e-05,3.237505734432489e-05,0.00036282801011111587,0.00014479001401923597,0.0
5.0,232,RMP,optimized,0.0004806319921044633,4.981902020517737e-05,2.548001066315919e-05,0.00010663496505003422,0.00012685303227044642,0.0001020059862639755
5.0,233,RMP,baseline,0.0009493339894106612,4.471000283956528e-05,3.295595524832606e-05,0.0003783580323215574,0.00014256696158554405,0.0
5.0,233,RMP,optimized,0.0004648540052585304,4.005999653600156e-05,2.3410015273839235e-05,0.00010555599874351174,0.00011909195745829493,0.0001061880320776254
5.0,234,RMP,baseline,0.0009631300054024905,5.318301555234939e-05,3.6582001484930515e-05,0.0003563910286175087,0.00015932296810206026,0.0
5.0,234,RMP,optimized,0.0006192779983393848,7.66380107961595e-05,3.0714989406988025e-05,0.0001275600225199014,0.00015649700071662664,0.00014916001236997545
5.0,235,RMP,baseline,0.0009850729984464124,4.5478009269572794e-05,3.184100205544382e-05,0.00037496996810659766,0.00014811298751737922,0.0
5.0,235,RMP,optimized,0.0005623949982691556,4.631502088159323e-05,3.1032002880237997e-05,0.0001234669762197882,0.0001599859824636951,0.00011637101124506444
5.0,236,RMP,baseline,0.0010539439972490072,5.90239797020331e-05,3.4127995604649186e-05,0.00039944601303432137,0.0001842399942688644,0.0
5.0,236,RMP,optimized,0.0005883069970877841,5.4535994422622025e-05,3.2687035854905844e-05,0.00012996303848922253,0.00016420597967226058,0.0001206510205520317
5.0,237,RMP,baseline,0.0009702239913167432,4.5486027374863625e-05,3.204800304956734e-05,0.0003876190312439576,0.00015279604122042656,0.0
5.0,237,RMP,optimized,0.0004647409950848669,3.930203092750162e-05,2.391501038800925e-05,0.0001030890125548467,0.00011848100984934717,9.934201079886407e-05
5.0,238,RMP,baseline,0.001011290994938463,5.3353956900537014e-05,3.614998422563076e-05,0.0003858119889628142,0.0001488479902036488,0.0
5.0,238,RMP,optimized,0.0006196449976414442,5.494705692399293e-05,3.061398456338793e-05,0.00012586399680003524,0.00019791598606389016,0.00011644097685348243
5.0,239,RMP,baseline,0.0011172709928359836,4.995406197849661e-05,4.300496948417276e-05,0.00042327599658165127,0.00017786497483029962,0.0
5.0,239,RMP,optimized,0.0005223299958743155,4.395001451484859e-05,2.6794994482770562e-05,0.00011805698159150779,0.00013485400995705277,0.00011276899022050202
5.0,240,RMP,baseline,0.0015244649985106662,7.111899321898818e-05,6.350704643409699e-05,0.0005154339887667447,0.0002595830155769363,0.0
5.0,240,RMP,optimized,0.0006306659925030544,6.269704317674041e-05,3.305997233837843e-05,0.00014085398288443685,0.00016983399109449238,0.00012384199362713844
5.0,241,RMP,baseline,0.0017066600121324882,9.881495498120785e-05,6.506696809083223e-05,0.000637845994788222,0.00029112695483490825,0.0
5.0,241,RMP,optimized,0.0008325969974976033,6.747899169567972e-05,4.749596701003611e-05,0.00018514601106289774,0.000227088006795384,0.00018025501049123704
5.0,242,RMP,baseline,0.001511996000772342,8.297602471429855e-05,5.7181037846021354e-05,0.0005575580289587379,0.0003047589852940291,0.0
5.0,242,RMP,optimized,0.000562083994736895,5.557302210945636e-05,2.8740993002429605e-05,0.0001282319863094017,0.00014620102592743933,0.0001181769766844809
5.0,243,RMP,baseline,0.0008910699980333447,4.361002356745303e-05,2.9024959076195955e-05,0.00035646400647237897,0.00013103603851050138,0.0
5.0,243,RMP,optimized,0.0005171029915800318,4.72020183224231e-05,2.6987007004208863e-05,0.00012169503315817565,0.00012766999134328216,0.00010733999079093337
5.0,244,RMP,baseline,0.0009747349977260455,5.385797703638673e-05,3.173400182276964e-05,0.0003830820060102269,0.00014436199853662401,0.0
5.0,244,RMP,optimized,0.0004961160011589527,5.038201925344765e-05,2.5484958314336836e-05,0.0001069129939423874,0.00013459900219459087,0.00010393702541477978
5.0,245,RMP,baseline,0.001035102002788335,7.640902185812593e-05,3.553900751285255e-05,0.00039327205740846694,0.00015818401880096644,0.0
5.0,245,RMP,optimized,0.0005092940118629485,5.112096550874412e-05,2.6490029995329678e-05,0.0001138090156018734,0.0001379919413011521,0.00010554403706919402
5.0,246,RMP,baseline,0.0009342760022263974,4.631702904589474e-05,3.090502286795527e-05,0.000366707012290135,0.0001394129649270326,0.0
5.0,246,RMP,optimized,0.000455111003248021,4.0095968870446086e-05,2.3625005269423127e-05,0.00010602103429846466,0.00011878396617248654,9.936901915352792e-05
5.0,247,RMP,baseline,0.001161616004537791,6.086897337809205e-05,4.35630208812654e-05,0.000425012010964565,0.00019736800459213555,0.0
5.0,247,RMP,optimized,0.0006607800023630261,5.602496094070375e-05,3.0058989068493247e-05,0.00019240302208345383,0.00015642696234863251,0.00013340398436412215
5.0,248,RMP,baseline,0.0010318139975424856,4.924800305161625e-05,3.386804019100964e-05,0.0003783469583140686,0.00019399099983274937,0.0
5.0,248,RMP,optimized,0.0005593329988187179,4.498701309785247e-05,3.4599011996760964e-05,0.00012552000407595187,0.0001386370277032256,0.00013619998935610056
5.0,249,RMP,baseline,0.0021410740009741858,9.473800309933722e-05,0.00011457705113571137,0.0007151719910325482,0.000327281974023208,0.0
5.0,249,RMP,optimized,0.0006376840028678998,6.0555030358955264e-05,3.0794035410508513e-05,0.00014671504322905093,0.00017101997218560427,0.00012563598284032196
5.0,250,RMP,baseline,0.0010010039986809716,4.595700011122972e-05,3.3154006814584136e-05,0.0003892640088452026,0.00016675997176207602,0.0
5.0,250,RMP,optimized,0.00047101700329221785,4.215299850329757e-05,2.532301004976034e-05,0.00010879198089241982,0.0001232539798365906,0.00010427898087073117
5.0,251,RMP,baseline,0.0010116460034623742,5.637701542582363e-05,5.055301880929619e-05,0.00039091902726795524,0.00015237097977660596,0.0
5.0,251,RMP,optimized,0.0005614239926217124,7.000203186180443e-05,2.934799704235047e-05,0.00011930502660106868,0.00014469600864686072,0.00011456198990345001
5.0,252,RMP,baseline,0.0009685159893706441,4.700699355453253e-05,3.260099038016051e-05,0.000384598970413208,0.00015204197552520782,0.0
5.0,252,RMP,optimized,0.0005961560091236606,4.46270132670179e-05,2.871001197490841e-05,0.00017420299991499633,0.00015054497634992003,0.00011425402772147208
5.0,253,RMP,baseline,0.0009823490108828992,5.3701980505138636e-05,3.1183037208393216e-05,0.00037813100789207965,0.0001479760103393346,0.0
5.0,253,RMP,optimized,0.000652326998533681,5.245099600870162e-05,3.0642986530438066e-05,0.00012391300697345287,0.00014641301822848618,0.00021370500326156616
5.0,254,RMP,baseline,0.0012022900045849383,5.508205504156649e-05,4.045999958179891e-05,0.00046598103654105216,0.0001957959757419303,0.0
5.0,254,RMP,optimized,0.0007467920077033341,5.413802864495665e-05,3.799700061790645e-05,0.0001810910034691915,0.0001964849652722478,0.00014606199692934752
5.0,255,RMP,baseline,0.0010866969969356433,7.592201291117817e-05,3.662101516965777e-05,0.0004126790154259652,0.00017058200319297612,0.0
5.0,255,RMP,optimized,0.000510632002260536,5.2906034397892654e-05,2.7073037927038968e-05,0.00011268400703556836,0.00014094998186919838,0.00010713499796111137
5.0,256,RMP,baseline,0.000927355999010615,4.4168016756884754e-05,3.105303039774299e-05,0.0003571629786165431,0.0001358010631520301,0.0
5.0,256,RMP,optimized,0.00046622900117654353,4.126396379433572e-05,2.516701351851225e-05,0.00010593500337563455,0.00012084798072464764,9.931199019774795e-05
5.0,257,RMP,baseline,0.0010901460045715794,5.785102257505059e-05,4.656602686736733e-05,0.00041441398207098246,0.0001782609906513244,0.0
5.0,257,RMP,optimized,0.0005536130047403276,5.2068018703721464e-05,2.7785965357907116e-05,0.00011927602463401854,0.00016008199600037187,0.00011065205035265535
5.0,258,RMP,baseline,0.001027973004966043,4.744900797959417e-05,3.3329008147120476e-05,0.0004205029981676489,0.0001490400027250871,0.0
5.0,258,RMP,optimized,0.0007051109860185534,5.043997953180224e-05,4.005101800430566e-05,0.00017678803123999387,0.00016339801368303597,0.0001596520160092041
5.0,259,RMP,baseline,0.0010071959986817092,5.506198795046657e-05,4.093199095223099e-05,0.0003832299989880994,0.00016804297047201544,0.0
5.0,259,RMP,optimized,0.0005492480122484267,5.404399416875094e-05,2.880099054891616e-05,0.00012376900122035295,0.00015647101099602878,0.0001111479796236381
5.0,260,RMP,baseline,0.0013729960046475753,5.710999539587647e-05,3.7563018850050867e-05,0.0006097499863244593,0.0001837179734138772,0.0
5.0,260,RMP,optimized,0.0008502059936290607,6.834999658167362e-05,4.4190004700794816e-05,0.00018676897161640227,0.00022839097073301673,0.00016850206884555519
5.0,261,RMP,baseline,0.001146516005974263,7.336398994084448e-05,4.2562009184621274e-05,0.0004457300092326477,0.00016996904741972685,0.0
5.0,261,RMP,optimized,0.0006090330134611577,4.8586996854282916e-05,3.189494600519538e-05,0.00014452700270339847,0.00014112798089627177,0.0001266419712919742
5.0,262,RMP,baseline,0.001018468989059329,5.3867013775743544e-05,3.528401430230588e-05,0.0003927309880964458,0.00015157203597482294,0.0
5.0,262,RMP,optimized,0.00047134900523815304,4.246999742463231e-05,2.5681016268208623e-05,0.00010813101835083216,0.00012087800132576376,0.00010035601735580713
5.0,263,RMP,baseline,0.0010834310087375343,6.994197610765696e-05,3.570198896341026e-05,0.0003877039853250608,0.0002083859872072935,0.0
5.0,263,RMP,optimized,0.0005258670134935528,5.3094991017133e-05,3.0424969736486673e-05,0.000115533999633044,0.00014093999925535172,0.00011041801190003753
5.0,264,RMP,baseline,0.0012927560019306839,6.026399205438793e-05,4.852100391872227e-05,0.0004983280232409015,0.00022838602308183908,0.0
5.0,264,RMP,optimized,0.0005164229951333255,4.322300083003938e-05,2.758002665359527e-05,0.00012141997285652906,0.00013126897101756185,0.00011037797958124429
5.0,265,RMP,baseline,0.0011183500027982518,5.992896331008524e-05,3.836597898043692e-05,0.00040080101462081075,0.00017813498561736196,0.0
5.0,265,RMP,optimized,0.0005382249946705997,5.0313014071434736e-05,2.649001544341445e-05,0.0001202889543492347,0.00013887998647987843,0.00012279897055123
5.0,266,RMP,baseline,0.001295359994401224,7.878901669755578e-05,4.385199281387031e-05,0.0004869320255238563,0.00021387699234765023,0.0
5.0,266,RMP,optimized,0.0005458870000438765,4.4912012526765466e-05,2.9365008231252432e-05,0.00013297800614964217,0.00013488596596289426,0.00011861702660098672
5.0,267,RMP,baseline,0.0010714389936765656,5.954803782515228e-05,4.061602521687746e-05,0.0004244339797878638,0.00016332499217242002,0.0
5.0,267,RMP,optimized,0.000598743004957214,5.298599717207253e-05,3.0970986699685454e-05,0.00012428700574673712,0.0001472060102969408,0.00016177998622879386
5.0,268,RMP,baseline,0.0010457500029588118,6.080500315874815e-05,3.592899884097278e-05,0.00038663294981233776,0.00017022601969074458,0.0
5.0,268,RMP,optimized,0.0005144599999766797,4.461398930288851e-05,2.721398777794093e-05,0.00011845500557683408,0.00013322499580681324,0.00011013996845576912
5.0,269,RMP,baseline,0.0010946999973384663,5.951801722403616e-05,3.53900104528293e-05,0.0003884279722115025,0.00015622100909240544,0.0
5.0,269,RMP,optimized,0.0005201790045248345,5.112597136758268e-05,2.6482026441954076e-05,0.00011956402158830315,0.0001355610293103382,0.00011112098582088947
5.0,270,RMP,baseline,0.0009859080018941313,5.0242975703440607e-05,4.159400123171508e-05,0.0003866130136884749,0.00014259398449212313,0.0
5.0,270,RMP,optimized,0.00047053699381649494,4.02169389417395e-05,2.4519016733393073e-05,0.00010768898937385529,0.00011962898133788258,0.00010153600305784494
5.0,271,RMP,baseline,0.0011260250030318275,6.0830978327430785e-05,3.627403930295259e-05,0.0004110160225536674,0.0001736430131131783,0.0
5.0,271,RMP,optimized,0.0006151020061224699,5.6353004765696824e-05,3.0385010177269578e-05,0.00012838002294301987,0.00019835100101772696,0.00011946997256018221
5.0,272,RMP,baseline,0.0010265609889756888,4.869198892265558e-05,3.4844037145376205e-05,0.00040209600410889834,0.00014861502859275788,0.0
5.0,272,RMP,optimized,0.0004530809965217486,4.0616956539452076e-05,2.3649015929549932e-05,0.0001027939870255068,0.00011568699846975505,0.00010020300396718085
5.0,273,RMP,baseline,0.0011222930043004453,6.360003317240626e-05,3.973799175582826e-05,0.00044447601248975843,0.00017281300097238272,0.0
5.0,273,RMP,optimized,0.0006378539983415976,7.425301009789109e-05,3.135597216896713e-05,0.00013928998669143766,0.000163395976414904,0.00013847903755959123
5.0,274,RMP,baseline,0.0009443290036870167,4.547099524643272e-05,4.793801053892821e-05,0.0003656750050140545,0.0001449129485990852,0.0
5.0,274,RMP,optimized,0.000502508002682589,4.151399480178952e-05,2.6596986572258174e-05,0.0001127840077970177,0.00014104897854849696,0.00010642099368851632
5.0,275,RMP,baseline,0.0009838849946390837,4.579499363899231e-05,3.2691037631593645e-05,0.0003848170308629051,0.00014842802193015814,0.0
5.0,275,RMP,optimized,0.00045121800212655216,4.061800427734852e-05,2.5086948880925775e-05,0.00010352898971177638,0.00011761102359741926,9.930097439792007e-05
5.0,276,RMP,baseline,0.0009517689904896542,5.451902688946575e-05,3.119897155556828e-05,0.0003572240239009261,0.00014385099348146468,0.0
5.0,276,RMP,optimized,0.0004953040042892098,4.913299926556647e-05,2.557695552241057e-05,0.00010678400576580316,0.0001300840376643464,0.00010605201532598585
5.0,277,RMP,baseline,0.0009167639946099371,4.506301775109023e-05,2.8830996598117054e-05,0.0003653529711300507,0.00013392897380981594,0.0
5.0,277,RMP,optimized,0.00049991300329566,4.189100582152605e-05,2.648298686835915e-05,0.00012525600322987884,0.00012760596291627735,0.00010450302215758711
5.0,278,RMP,baseline,0.0014459719968726858,7.236098463181406e-05,4.7096022171899676e-05,0.0005388400168158114,0.00026553799398243427,0.0
5.0,278,RMP,optimized,0.0006699539953842759,5.756199243478477e-05,3.171601565554738e-05,0.00017072899208869785,0.00016325604519806802,0.00014753798313904554
5.0,279,RMP,baseline,0.001014731009490788,4.927002009935677e-05,4.072001320309937e-05,0.00040427097701467574,0.00014879394439049065,0.0
5.0,279,RMP,optimized,0.00047337199794128537,3.9963022572919726e-05,2.430501626804471e-05,0.00010343498433940113,0.00011776399333029985,0.00010143397958017886
5.0,280,RMP,baseline,0.0011705859942594543,6.413398659788072e-05,4.092903691343963e-05,0.00047188199823722243,0.00017292499251198024,0.0
5.0,280,RMP,optimized,0.0007827910012565553,6.314496567938477e-05,3.478396683931351e-05,0.00016539001080673188,0.00018102399189956486,0.0002222530310973525
5.0,281,RMP,baseline,0.0009332409972557798,4.875697777606547e-05,3.174500307068229e-05,0.0003723439440364018,0.00013663299614563584,0.0
5.0,281,RMP,optimized,0.0004887370014330372,4.3272957555018365e-05,2.6560970582067966e-05,0.00011224302579648793,0.00012681999942287803,0.00010822902549989522
5.0,282,RMP,baseline,0.0010592180042294785,7.345597259700298e-05,3.311503678560257e-05,0.00037691697070840746,0.00015440797142218798,0.0
5.0,282,RMP,optimized,0.0006548980018123984,4.864997754339129e-05,2.504198346287012e-05,0.00010507200204301625,0.00025826398632489145,9.902700548991561e-05
5.0,283,RMP,baseline,0.0009781780099729076,4.709599306806922e-05,3.3514981623739004e-05,0.00038850300188641995,0.00014971102064009756,0.0
5.0,283,RMP,optimized,0.0005664509953930974,4.603601701091975e-05,2.9766990337520838e-05,0.0001420929911546409,0.00014209198707249016,0.00011120602721348405
5.0,284,RMP,baseline,0.0010145750129595399,5.608801438938826e-05,3.7614983739331365e-05,0.0003966599906561896,0.00015383299614768475,0.0
5.0,284,RMP,optimized,0.0006024730100762099,5.174895341042429e-05,9.487199713476002e-05,0.00012088601943105459,0.00014241899771150202,0.00011290199472568929
5.0,285,RMP,baseline,0.0013285160093801096,6.670400034636259e-05,4.645097942557186e-05,0.0005063989810878411,0.00020017199858557433,0.0
5.0,285,RMP,optimized,0.0005442010005936027,4.7502966481260955e-05,2.842098183464259e-05,0.00012963500921614468,0.00013855102588422596,0.00011785498645622283
5.0,286,RMP,baseline,0.001078770001186058,6.05279637966305e-05,3.5012984881177545e-05,0.00042765497346408665,0.00016549801512155682,0.0
5.0,286,RMP,optimized,0.0005339630006346852,5.370103463064879e-05,2.6436973712407053e-05,0.00011824100511148572,0.00013992494496051222,0.00012072600657120347
5.0,287,RMP,baseline,0.0009641590004321188,4.686001921072602e-05,3.207501140423119e-05,0.00038528398727066815,0.0001395779981976375,0.0
5.0,287,RMP,optimized,0.0005163399910088629,4.394397547002882e-05,3.0793045880272985e-05,0.00011497801460791379,0.00012964397319592535,0.00010839600872714072
5.0,288,RMP,baseline,0.001056915003573522,5.6958000641316175e-05,3.605498932301998e-05,0.0003839830169454217,0.0001664529845584184,0.0
5.0,288,RMP,optimized,0.0006301319954218343,8.815000182949007e-05,3.313401248306036e-05,0.00013286298781167716,0.00016596999194007367,0.00011926097795367241
5.0,289,RMP,baseline,0.0011471659963717684,5.393894389271736e-05,5.41150220669806e-05,0.0004240910056978464,0.0001800889876903966,0.0
5.0,289,RMP,optimized,0.0011528820032253861,8.47369956318289e-05,6.242799281608313e-05,0.0002625450579216704,0.000282739958493039,0.00031027098884806037
5.0,290,RMP,baseline,0.0011710389953805134,5.2738978411071e-05,7.464297232218087e-05,0.00047192898637149483,0.00016563196550123394,0.0
5.0,290,RMP,optimized,0.0005753539880970493,4.2517000110819936e-05,2.541400317568332e-05,0.00011212797835469246,0.0001238839904544875,0.00010685401502996683
5.0,291,RMP,baseline,0.0011792470031650737,8.048699237406254e-05,4.2197047150693834e-05,0.0004445240047061816,0.00018146299407817423,0.0
5.0,291,RMP,optimized,0.0005464759888127446,5.291900015436113e-05,2.7723988750949502e-05,0.00011832502787001431,0.00015623701619915664,0.00010952705633826554
5.0,292,RMP,baseline,0.0009703380055725574,4.653393989428878e-05,5.7784971431829035e-05,0.00037624998367391527,0.00014322904462460428,0.0
5.0,292,RMP,optimized,0.0005341539945220575,4.3122010538354516e-05,4.409300163388252e-05,0.00012280400551389903,0.00012961197353433818,0.00010750099318102002
5.0,293,RMP,baseline,0.0009426559990970418,5.2253977628424764e-05,3.422000736463815e-05,0.00036159400769975036,0.00014177094271872193,0.0
5.0,293,RMP,optimized,0.0005141870060469955,5.0538990763016045e-05,2.6493988116271794e-05,0.00011132401414215565,0.0001382810005452484,0.0001149199961218983
5.0,294,RMP,baseline,0.0009095869900193065,4.458799958229065e-05,2.87830043816939e-05,0.000358554971171543,0.00013373598631005734,0.0
5.0,294,RMP,optimized,0.00045298099576029927,4.120197263546288e-05,2.5620029191486537e-05,0.0001033919834299013,0.00011866602289956063,9.978500020224601e-05
5.0,295,RMP,baseline,0.0010303809976903722,5.467599839903414e-05,4.642299609258771e-05,0.00040494099084753543,0.00014917095541022718,0.0
5.0,295,RMP,optimized,0.0005015009955968708,4.95140120619908e-05,2.558498817961663e-05,0.0001099070068448782,0.00013572198804467916,0.00010489101987332106
5.0,296,RMP,baseline,0.001086191987269558,5.0775997806340456e-05,3.610899148043245e-05,0.00039383598777931184,0.0001526310370536521,0.0
5.0,296,RMP,optimized,0.000606999994488433,4.883298242930323e-05,3.167701652273536e-05,0.0001342639880022034,0.00015631502901669592,0.00014446297427639365
5.0,297,RMP,baseline,0.001363214003504254,0.0001022770011331886,4.715401155408472e-05,0.0004843799688387662,0.00023963798594195396,0.0
5.0,297,RMP,optimized,0.000731822001398541,7.380300667136908e-05,4.617695230990648e-05,0.0001542670070193708,0.00021235998428892344,0.00014671401004306972
5.0,298,RMP,baseline,0.0010144789994228631,4.806002834811807e-05,3.7969977711327374e-05,0.0003879910073010251,0.00014399000792764127,0.0
5.0,298,RMP,optimized,0.0006950410024728626,4.7815978177823126e-05,3.3962991437874734e-05,0.00021467100305017084,0.00016400702588725835,0.0001395090075675398
5.0,299,RMP,baseline,0.0010827980004251003,5.584399332292378e-05,4.3894004193134606e-05,0.00040789003833197057,0.00017146801110357046,0.0
5.0,299,RMP,optimized,0.0005022889963584021,4.8911970225162804e-05,2.5263972929678857e-05,0.00011557602556422353,0.000130646993056871,0.00010446301894262433
10.0,0,RMP,baseline,0.001020957002765499,5.372698069550097e-05,5.2068979130126536e-05,0.000398834963561967,0.00014928901509847492,0.0
10.0,0,RMP,optimized,0.0005882109981030226,5.249795503914356e-05,2.9543021810241044e-05,0.00012155005242675543,0.0001504300016677007,0.00012720900122076273
10.0,1,RMP,baseline,0.000995640002656728,4.7752022510394454e-05,3.566598752513528e-05,0.0003915989655070007,0.00014573601947631687,0.0
10.0,1,RMP,optimized,0.0006958430021768436,5.68040122743696e-05,3.293501504231244e-05,0.00023002599482424557,0.00015828599862288684,0.0001214939693454653
10.0,2,RMP,baseline,0.0011693090054905042,5.985001916997135e-05,3.773097705561668e-05,0.0004513380117714405,0.0001995339844143018,0.0
10.0,2,RMP,optimized,0.0006585070077562705,6.008801574353129e-05,4.400196485221386e-05,0.00013807600771542639,0.0001646470045670867,0.00015491203521378338
10.0,3,RMP,baseline,0.0009904400067171082,5.326703831087798e-05,3.480695886537433e-05,0.00038608697650488466,0.00014678297156933695,0.0
10.0,3,RMP,optimized,0.0005009540036553517,5.187498754821718e-05,2.5317014660686255e-05,0.0001101940288208425,0.0001348469959339127,0.0001061120128724724
10.0,4,RMP,baseline,0.0011141739960294217,5.011697066947818e-05,4.0324986912310123e-05,0.0004513880267040804,0.0001620390103198588,0.0
10.0,4,RMP,optimized,0.0005066880112281069,4.232203355059028e-05,2.7000976842828095e-05,0.00012738301302306354,0.00012750398309435695,0.00010627899609971792
10.0,5,RMP,baseline,0.0011967110040131956,6.340099207591265e-05,4.1126986616291106e-05,0.00047243302105925977,0.00019006204092875123,0.0
10.0,5,RMP,optimized,0.0006780450057704002,5.212899122852832e-05,2.905199653469026e-05,0.00021070201182737947,0.00015168500249274075,0.00011713702406268567
10.0,6,RMP,baseline,0.0010546350094955415,5.77080063521862e-05,3.260100493207574e-05,0.0003979859611717984,0.0001610329927643761,0.0
10.0,6,RMP,optimized,0.0005375539913075045,5.373400927055627e-05,2.7100948500446975e-05,0.00011573797382880002,0.00014184899919200689,0.00011615299445111305
10.0,7,RMP,baseline,0.0009979210008168593,4.6514978748746216e-05,3.261299571022391e-05,0.00038094501360319555,0.00015892498777247965,0.0
10.0,7,RMP,optimized,0.0004779879964189604,4.164400161243975e-05,2.88540031760931e-05,0.00010562298120930791,0.0001194350334117189,0.00010108601418323815
10.0,8,RMP,baseline,0.0012203219957882538,6.964399653952569e-05,4.0466999053023756e-05,0.00044631099444814026,0.00026860801153816283,0.0
10.0,8,RMP,optimized,0.0006420599966077134,6.75619812682271e-05,3.162398934364319e-05,0.00013301703438628465,0.00017619896971154958,0.00014528499741572887
10.0,9,RMP,baseline,0.0009743160044308752,5.347903061192483e-05,3.6755038308911026e-05,0.0003806239983532578,0.00014511597692035139,0.0
10.0,9,RMP,optimized,0.00047225500748027116,4.852100391872227e-05,2.4689987185411155e-05,0.00010438798926770687,0.00012553999840747565,0.0001002789504127577
10.0,10,RMP,baseline,0.0010230360057903454,4.994598566554487e-05,3.5343997296877205e-05,0.000406962979468517,0.00015660600911360234,0.0
10.0,10,RMP,optimized,0.00046643000678159297,4.297905252315104e-05,2.4748020223341882e-05,0.00010547500278335065,0.0001211140479426831,9.995303116738796e-05
10.0,11,RMP,baseline,0.0009385070006828755,5.0964008551090956e-05,3.2342999475076795e-05,0.0003620020142989233,0.0001596769579919055,0.0
10.0,11,RMP,optimized,0.000560182990739122,5.3547031711786985e-05,3.3787990105338395e-05,0.00012047898781020194,0.00014748099783901125,0.0001204410073114559
10.0,12,RMP,baseline,0.0011615960102062672,5.787296686321497e-05,5.283996870275587e-05,0.00050293595995754,0.00016376802523154765,0.0
10.0,12,RMP,optimized,0.0005656840075971559,7.93350045569241e-05,2.9332964913919568e-05,0.0001196910161525011,0.00013951399887446314,0.00011578697012737393
10.0,13,RMP,baseline,0.0009362190030515194,4.59290313301608e-05,3.178702900186181e-05,0.0003732920013135299,0.00013375002890825272,0.0
10.0,13,RMP,optimized,0.0005172569944988936,4.2006970033980906e-05,2.641098399180919e-05,0.00011318600445520133,0.0001279629213968292,0.00012383198190946132
10.0,14,RMP,baseline,0.0009835340024437755,5.5464988690800965e-05,4.509302380029112e-05,0.00036882501444779336,0.00014800397912040353,0.0
10.0,14,RMP,optimized,0.0005609350046142936,5.1435999921523035e-05,2.783501986414194e-05,0.00011573701340239495,0.00015129697567317635,0.00011792797886300832
10.0,15,RMP,baseline,0.000984155005426146,5.4020987590774894e-05,3.213499439880252e-05,0.00038548200973309577,0.00015045804320834577,0.0
10.0,15,RMP,optimized,0.0005395020125433803,5.270799738354981e-05,2.737400063779205e-05,0.00011611304944381118,0.0001542760437587276,0.00010791700333356857
10.0,16,RMP,baseline,0.001083228999050334,4.934596654493362e-05,4.365303902886808e-05,0.00041740998858585954,0.0001647790049901232,0.0
10.0,16,RMP,optimized,0.0006238880014279857,4.540596273727715e-05,3.114299033768475e-05,0.00014583198935724795,0.00015339798119384795,0.00012022102600894868
10.0,17,RMP,baseline,0.0009490759985055774,5.3010997362434864e-05,3.0515991966240108e-05,0.00037998998595867306,0.00014389703574124724,0.0
10.0,17,RMP,optimized,0.0005167360068298876,5.0107017159461975e-05,2.6313980924896896e-05,0.0001239249831996858,0.00013568802387453616,0.00010531996667850763
10.0,18,RMP,baseline,0.00112135500239674,5.140698340255767e-05,3.515798016451299e-05,0.00047498903586529195,0.00017030697199515998,0.0
10.0,18,RMP,optimized,0.0005574370006797835,4.266200994607061e-05,2.8467955416999757e-05,0.00013460904301609844,0.00013996601046528667,0.00011381697549950331
10.0,19,RMP,baseline,0.000952796995989047,6.812599895056337e-05,3.782397834584117e-05,0.00036533903039526194,0.00014153399388305843,0.0
10.0,19,RMP,optimized,0.0005231450049905106,5.043302371632308e-05,2.6761044864542782e-05,0.00012710901501122862,0.00013578195648733526,0.00010546101839281619
10.0,20,RMP,baseline,0.0009712250030133873,4.603607521858066e-05,4.709596396423876e-05,0.0003843259910354391,0.0001397270243614912,0.0
10.0,20,RMP,optimized,0.0005523090076167136,4.2558007407933474e-05,2.8797032427974045e-05,0.00013482902431860566,0.00013448300887830555,0.00010806099453475326
10.0,21,RMP,baseline,0.0009835590026341379,5.487099406309426e-05,3.2177005778066814e-05,0.00037453298864420503,0.00015219199121929705,0.0
10.0,21,RMP,optimized,0.0004998709919163957,4.9394016969017684e-05,2.5730027118697762e-05,0.0001059549831552431,0.00012688702554441988,0.0001011090207612142
10.0,22,RMP,baseline,0.0011968119943048805,5.565697210840881e-05,4.16689581470564e-05,0.00043510696559678763,0.0001924070093082264,0.0
10.0,22,RMP,optimized,0.0005303900106810033,4.269901546649635e-05,2.7739981305785477e-05,0.000143460973049514,0.0001285120379179716,0.00010856999142561108
10.0,23,RMP,baseline,0.0011854879994643852,5.9932994190603495e-05,3.340703551657498e-05,0.00039313796150963753,0.00016669102478772402,0.0
10.0,23,RMP,optimized,0.0006020480068400502,5.812699964735657e-05,3.108997771050781e-05,0.00013115201727487147,0.00017047599249053746,0.00012231696746312082
10.0,24,RMP,baseline,0.0009687359997769818,4.515101318247616e-05,4.92660328745842e-05,0.0003693329927045852,0.00013756006956100464,0.0
10.0,24,RMP,optimized,0.00047035800525918603,4.013498255517334e-05,2.5810033548623323e-05,0.0001073489838745445,0.00012132202391512692,0.00010252803622279316
10.0,25,RMP,baseline,0.0010634499922161922,5.5131997214630246e-05,3.172201104462147e-05,0.0003826010361080989,0.00016153001342900097,0.0
10.0,25,RMP,optimized,0.0006054580007912591,5.4746007663197815e-05,3.0454975785687566e-05,0.00012712395982816815,0.00017298900638706982,0.0001220119884237647
10.0,26,RMP,baseline,0.000962550999247469,4.4487009290605783e-05,3.093198756687343e-05,0.0003606400132412091,0.00015374900249298662,0.0
10.0,26,RMP,optimized,0.0008547680045012385,7.504499808419496e-05,4.4406013330444694e-05,0.00016496905300300568,0.00025958802143577486,0.00015806799638085067
10.0,27,RMP,baseline,0.0011554499942576513,5.53720019524917e-05,3.535101132001728e-05,0.0004154699563514441,0.0001595670182723552,0.0
10.0,27,RMP,optimized,0.0008332550060003996,6.94749760441482e-05,7.954098691698164e-05,0.00017860502703115344,0.00024268597189802676,0.00015126798825804144
10.0,28,RMP,baseline,0.000900116006960161,4.446803359314799e-05,2.9650997021235526e-05,0.0003598170151235536,0.00012984199565835297,0.0
10.0,28,RMP,optimized,0.00048129000060725957,4.226400051265955e-05,2.6272027753293514e-05,0.00011128600453957915,0.00012309799785725772,0.00010477003525011241
10.0,29,RMP,baseline,0.0021917980047874153,9.421897993888706e-05,8.699198951944709e-05,0.0007113990286597982,0.0005041759723098949,0.0
10.0,29,RMP,optimized,0.0006954249984119087,5.995997344143689e-05,3.7577032344415784e-05,0.00015833202633075416,0.0002001639804802835,0.00013550098810810596
10.0,30,RMP,baseline,0.0010896599997067824,5.0106042181141675e-05,3.590897540561855e-05,0.00041782500920817256,0.00018158002058044076,0.0
10.0,30,RMP,optimized,0.0004874929873039946,4.205203731544316e-05,2.4737993953749537e-05,0.00011043797712773085,0.00012764197890646756,0.00010201400436926633
10.0,31,RMP,baseline,0.0010210000036749989,5.6674020015634596e-05,3.3693984732963145e-05,0.0003917720023309812,0.0001823679922381416,0.0
10.0,31,RMP,optimized,0.0004810639948118478,4.927502595819533e-05,2.5260975235141814e-05,0.00010743098391685635,0.00012586699449457228,0.00010203299461863935
10.0,32,RMP,baseline,0.0010738330020103604,4.6537010348401964e-05,0.00012243697710800916,0.00040065497159957886,0.00014597798872273415,0.0
10.0,32,RMP,optimized,0.0005297270108712837,4.218899994157255e-05,2.7564004994928837e-05,0.00013072702859062701,0.00013727997429668903,0.00010985393601004034
10.0,33,RMP,baseline,0.0009982429910451174,5.327200051397085e-05,3.22539999615401e-05,0.0003737340011866763,0.00015481494483537972,0.0
10.0,33,RMP,optimized,0.0004981789970770478,5.023802805226296e-05,2.58930231211707e-05,0.00011210200318600982,0.00013206395669840276,0.00010531301086302847
10.0,34,RMP,baseline,0.0015755909989820793,6.31180009804666e-05,5.152093945071101e-05,0.0005206910282140598,0.0002472369960742071,0.0
10.0,34,RMP,optimized,0.0006034089892636985,4.7649999032728374e-05,2.9916001949459314e-05,0.00013977198977954686,0.00014369199925567955,0.00012521501048468053
10.0,35,RMP,baseline,0.0010147520079044625,5.66980306757614e-05,3.444901085458696e-05,0.0003936409921152517,0.0001540109806228429,0.0
10.0,35,RMP,optimized,0.0004912809963570908,5.036499351263046e-05,2.5760004064068198e-05,0.00010809999366756529,0.0001302310556638986,0.00010343705071136355
10.0,36,RMP,baseline,0.001131878001615405,5.4654054110869765e-05,3.879200085066259e-05,0.0004487730184337124,0.00016992802557069808,0.0
10.0,36,RMP,optimized,0.0005671099934261292,4.637503297999501e-05,2.967903856188059e-05,0.00014379393542185426,0.00014302803901955485,0.00011926901061087847
10.0,37,RMP,baseline,0.0010278720001224428,5.65050431760028e-05,3.660796210169792e-05,0.00039596500573679805,0.00017325302178505808,0.0
10.0,37,RMP,optimized,0.0005037410010118037,5.104897718410939e-05,2.628703077789396e-05,0.00011183599417563528,0.00013309203495737165,0.00010375399142503738
10.0,38,RMP,baseline,0.0013263500004541129,7.99770059529692e-05,4.804797936230898e-05,0.00047312697279267013,0.00030656899616587907,0.0
10.0,38,RMP,optimized,0.0006227679987205192,4.925297980662435e-05,3.096299769822508e-05,0.00013589100854005665,0.00018502800958231091,0.00012924103066325188
10.0,39,RMP,baseline,0.0009957879956346005,5.3254960221238434e-05,3.2572002965025604e-05,0.0004078830243088305,0.00014658297004643828,0.0
10.0,39,RMP,optimized,0.0005181529995752499,5.1020950195379555e-05,2.5928020477294922e-05,0.00010987701534759253,0.0001435120211681351,0.0001069529535016045
10.0,40,RMP,baseline,0.0019532209989847615,0.00011704400822054595,8.929497562348843e-05,0.0007073049782775342,0.00044766400242224336,0.0
10.0,40,RMP,optimized,0.0008105250017251819,7.515399192925543e-05,4.209300095681101e-05,0.00022166002599988133,0.00017890598974190652,0.00017941699479706585
10.0,41,RMP,baseline,0.0010814369888976216,5.567503103520721e-05,8.392402378376573e-05,0.00041102198883891106,0.0001566130231367424,0.0
10.0,41,RMP,optimized,0.0004860560002271086,4.975099000148475e-05,2.472203050274402e-05,0.00010916499013546854,0.00012987297668587416,0.00010215495422016829
10.0,42,RMP,baseline,0.0010138140060007572,7.213199569378048e-05,3.724597627297044e-05,0.0003921319730579853,0.00014810998982284218,0.0
10.0,42,RMP,optimized,0.0005293040012475103,5.815402255393565e-05,2.9834001907147467e-05,0.00011933398491237313,0.0001320819865213707,0.00011359895870555192
10.0,43,RMP,baseline,0.0009250650036847219,5.389699072111398e-05,3.0678012990392745e-05,0.00036929998896084726,0.00013336499978322536,0.0
10.0,43,RMP,optimized,0.0004884920053882524,4.2019004467874765e-05,3.0938987038098276e-05,0.00010645305155776441,0.00012362899724394083,0.00010140902304556221
10.0,44,RMP,baseline,0.0009830519993556663,5.518700345419347e-05,3.998898318968713e-05,0.00038073996256571263,0.00014755195297766477,0.0
10.0,44,RMP,optimized,0.0006662180094281211,6.057201244402677e-05,3.217901394236833e-05,0.00015174498548731208,0.0001917429908644408,0.0001300420262850821
10.0,45,RMP,baseline,0.0009172369900625199,4.458200419321656e-05,3.213505260646343e-05,0.000375637027900666,0.00013338802091311663,0.0
10.0,45,RMP,optimized,0.0004614329955074936,3.9921054849401116e-05,2.3607004550285637e-05,0.00010531599400565028,0.00011924095451831818,9.975599823519588e-05
10.0,46,RMP,baseline,0.0010315139952581376,5.758495535701513e-05,3.5313001717440784e-05,0.00040375301614403725,0.00016150498413480818,0.0
10.0,46,RMP,optimized,0.0005457319930428639,5.4730058764107525e-05,2.7429006877355278e-05,0.00012459700519684702,0.00014702299085911363,0.00011101803102064878
10.0,47,RMP,baseline,0.000917089986614883,4.6361994463950396e-05,3.0859970138408244e-05,0.0003678359935292974,0.0001327390200458467,0.0
10.0,47,RMP,optimized,0.0004815360007341951,4.211798659525812e-05,2.5531990104354918e-05,0.00011516497761476785,0.00012176398013252765,0.00010282800940331072
10.0,48,RMP,baseline,0.0014735759905306622,8.37749830679968e-05,5.307601531967521e-05,0.0005248190136626363,0.00027112897078040987,0.0
10.0,48,RMP,optimized,0.0006101189937908202,5.95290184719488e-05,4.375496064312756e-05,0.00013840297469869256,0.00015362599515356123,0.00012166201486252248
10.0,49,RMP,baseline,0.0009160459885606542,4.649997572414577e-05,3.602402284741402e-05,0.0003660259972093627,0.00013409204257186502,0.0
10.0,49,RMP,optimized,0.00045738900371361524,4.2030049371533096e-05,2.415702329017222e-05,0.00010321906302124262,0.00011831200390588492,9.926698112394661e-05
10.0,50,RMP,baseline,0.0009262340026907623,5.273695569485426e-05,3.0060968128964305e-05,0.00036343399551697075,0.00013939302880316973,0.0
10.0,50,RMP,optimized,0.0005107960023451596,4.905698006041348e-05,2.5795961846597493e-05,0.00012556597357615829,0.00013340004079509526,0.0001018419861793518
10.0,51,RMP,baseline,0.0009554470016155392,4.764599725604057e-05,3.305598511360586e-05,0.00038519395457115024,0.00014666802599094808,0.0
10.0,51,RMP,optimized,0.0005212029936956242,4.1175022488459945e-05,2.7520960429683328e-05,0.0001215550146298483,0.00014685398491565138,0.00010770700464490801
10.0,52,RMP,baseline,0.0009457169944653288,5.214200064074248e-05,3.1279007089324296e-05,0.0003612770378822461,0.00014688201190438122,0.0
10.0,52,RMP,optimized,0.0006351760093821213,5.1359020289964974e-05,3.065497730858624e-05,0.00019188603619113564,0.00015586504014208913,0.0001101369853131473
10.0,53,RMP,baseline,0.0008976509998319671,4.4095024350099266e-05,3.0766052077524364e-05,0.0003543099883245304,0.00013303602463565767,0.0
10.0,53,RMP,optimized,0.0005234150012256578,4.4110012822784483e-05,4.067999543622136e-05,0.00011702401388902217,0.00012977405276615173,0.00010722999286372215
10.0,54,RMP,baseline,0.0012229709973325953,6.617301551159471e-05,5.183306348044425e-05,0.0004469640116440132,0.00021443303558044136,0.0
10.0,54,RMP,optimized,0.0006047559872968122,5.9250989579595625e-05,2.965104067698121e-05,0.00013228198804426938,0.00016158200742211193,0.00012673696619458497
10.0,55,RMP,baseline,0.0010287350014550611,5.032101762481034e-05,3.300706157460809e-05,0.00040040802559815347,0.00017274997662752867,0.0
10.0,55,RMP,optimized,0.0004860299959545955,4.333401739131659e-05,2.642799518071115e-05,0.00011132103099953383,0.00012359798711258918,0.00010499604104552418
10.0,56,RMP,baseline,0.0010560359951341525,6.074298289604485e-05,3.551198460627347e-05,0.00041313195833936334,0.00015732999600004405,0.0
10.0,56,RMP,optimized,0.0005102730065118521,5.19189634360373e-05,2.7303030947223306e-05,0.00011059500684496015,0.00013335396943148226,0.00010563203250057995
10.0,57,RMP,baseline,0.0011053330090362579,5.438399966806173e-05,3.8565995055250823e-05,0.00042742899677250534,0.00017224099428858608,0.0
10.0,57,RMP,optimized,0.0004926900001009926,4.127895226702094e-05,2.3354965378530324e-05,0.00011904901475645602,0.00012472701200749725,0.00010193896014243364
10.0,58,RMP,baseline,0.0011145280004711822,5.8424993767403066e-05,3.4763055737130344e-05,0.00039833897608332336,0.00016109000716824085,0.0
10.0,58,RMP,optimized,0.0005524700100068003,5.292498099151999e-05,3.8704980397596955e-05,0.00012632401194423437,0.00014654401456937194,0.00011086602171417326
10.0,59,RMP,baseline,0.0012076359998900443,5.900002724956721e-05,5.4198011639527977e-05,0.00046787601604592055,0.00019840500317513943,0.0
10.0,59,RMP,optimized,0.0005265710060484707,4.554798942990601e-05,2.672703703865409e-05,0.00012406200403347611,0.00013816602586302906,0.00011376396287232637
10.0,60,RMP,baseline,0.0009179870103253052,5.196798883844167e-05,3.067603392992169e-05,0.00035031596780754626,0.0001406339870300144,0.0
10.0,60,RMP,optimized,0.0005021469987696037,4.89069934701547e-05,2.5596018531359732e-05,0.00010262698924634606,0.0001429779949830845,9.997400047723204e-05
10.0,61,RMP,baseline,0.0018013160006375983,9.048798528965563e-05,6.0779042541980743e-05,0.0005533149524126202,0.00033299704955425113,0.0
10.0,61,RMP,optimized,0.000561004999326542,4.802702460438013e-05,3.1923045753501356e-05,0.00013466003292705864,0.00014087000454310328,0.00011998102127108723
10.0,62,RMP,baseline,0.0009749339951667935,5.5388969485647976e-05,3.201396611984819e-05,0.00037260394310578704,0.0001476149627706036,0.0
10.0,62,RMP,optimized,0.0004753219982376322,4.968998837284744e-05,2.5237968657165766e-05,0.00010682300489861518,0.0001268579944735393,0.00010063302761409432
10.0,63,RMP,baseline,0.000979969001491554,4.542297392617911e-05,3.8147016311995685e-05,0.0003681539965327829,0.00015259005886036903,0.0
10.0,63,RMP,optimized,0.0006334280042210594,5.24940260220319e-05,4.414703289512545e-05,0.00013717793626710773,0.00016607502766419202,0.00013418204616755247
10.0,64,RMP,baseline,0.001025621997541748,5.9079990023747087e-05,3.280497912783176e-05,0.0003914969856850803,0.00015758593508508056,0.0
10.0,64,RMP,optimized,0.0005090259946882725,5.136903200764209e-05,3.57439712388441e-05,0.00010870600817725062,0.00013299300917424262,0.00010606700379867107
10.0,65,RMP,baseline,0.0010922579967882484,5.0458984333090484e-05,5.421999958343804e-05,0.0004177890077698976,0.0001648690231377259,0.0
10.0,65,RMP,optimized,0.0005398700013756752,4.549398727249354e-05,2.8274953365325928e-05,0.0001201020204462111,0.0001492759765824303,0.0001143039989983663
10.0,66,RMP,baseline,0.0010301699949195608,5.268801760394126e-05,4.3032021494582295e-05,0.00039068701153155416,0.0001621999981580302,0.0
10.0,66,RMP,optimized,0.000518314991495572,4.857296880800277e-05,2.6592955691739917e-05,0.00011489099415484816,0.00013499999477062374,0.00011728194658644497
10.0,67,RMP,baseline,0.0021238089975668117,0.00010287101031281054,6.396898243110627e-05,0.000878832011949271,0.00025144900428131223,0.0
10.0,67,RMP,optimized,0.0008439089870080352,6.194802699610591e-05,4.156801151111722e-05,0.0001946660049725324,0.00018611598352435976,0.0002395399787928909
10.0,68,RMP,baseline,0.0009628179977880791,5.560097633861005e-05,3.09199676848948e-05,0.00037581399374175817,0.00014764796651434153,0.0
10.0,68,RMP,optimized,0.0005268129898468032,5.127099575474858e-05,3.713398473337293e-05,0.0001114650076488033,0.00013443503121379763,0.00010807903890963644
10.0,69,RMP,baseline,0.0009307419968536124,4.459902993403375e-05,3.0166993383318186e-05,0.00038387197128031403,0.00013125999248586595,0.0
10.0,69,RMP,optimized,0.0004654160002246499,4.104498657397926e-05,2.4548018700443208e-05,0.00010317198757547885,0.00011969401384703815,9.966103243641555e-05
10.0,70,RMP,baseline,0.001039226001012139,5.797194899059832e-05,4.67740319436416e-05,0.0004084519750904292,0.00015888498455751687,0.0
10.0,70,RMP,optimized,0.0005281740013742819,5.185199552215636e-05,2.7528003556653857e-05,0.00011782599904108793,0.00014005201228428632,0.00010817205475177616
10.0,71,RMP,baseline,0.0013630220055347309,8.900700777303427e-05,4.610800533555448e-05,0.000573975034058094,0.00018909502250608057,0.0
10.0,71,RMP,optimized,0.0004958070057909936,4.379000165499747e-05,2.6474997866898775e-05,0.00011573699885047972,0.0001269280182896182,0.00010460498742759228
10.0,72,RMP,baseline,0.0009312120091635734,5.398796929512173e-05,3.0714014428667724e-05,0.00035563905839808285,0.00014430200099013746,0.0
10.0,72,RMP,optimized,0.0005689120007446036,5.2822011639364064e-05,2.8475027647800744e-05,0.00013956996554043144,0.00015305400302167982,0.00012003300071228296
10.0,73,RMP,baseline,0.0010163060069316998,4.7150999307632446e-05,3.6619967431761324e-05,0.0004082109808223322,0.00014753099821973592,0.0
10.0,73,RMP,optimized,0.0005395949992816895,4.428398096933961e-05,2.9001006623730063e-05,0.0001325399789493531,0.00013920600758865476,0.00011609296780079603
10.0,74,RMP,baseline,0.00098138400062453,5.640195740852505e-05,3.179202030878514e-05,0.00037785994936712086,0.00015920599980745465,0.0
10.0,74,RMP,optimized,0.0005407419957919046,5.7259007007814944e-05,2.771802246570587e-05,0.00012392799544613808,0.00014213800022844225,0.00011263000487815589
10.0,75,RMP,baseline,0.0014272289990913123,6.586498057004064e-05,5.273002898320556e-05,0.0005401139933383092,0.00022922400967217982,0.0
10.0,75,RMP,optimized,0.0013836460129823536,0.00013005601067561656,7.293501403182745e-05,0.0003254319744883105,0.000443277953309007,0.00024288998974952847
10.0,76,RMP,baseline,0.0009142109920503572,5.369198333937675e-05,3.0301016522571445e-05,0.00035136303631588817,0.00014565199671778828,0.0
10.0,76,RMP,optimized,0.0005280550103634596,4.97690198244527e-05,4.8965972382575274e-05,0.00011362601071596146,0.00013143999967724085,0.00010888201359193772
10.0,77,RMP,baseline,0.0010135530028492212,4.817897570319474e-05,3.26069857692346e-05,0.00039487300091423094,0.00014790301793254912,0.0
10.0,77,RMP,optimized,0.00047309399815276265,4.430502303875983e-05,2.5123983505181968e-05,0.00010588200530037284,0.00012208102270960808,0.00010411700350232422
10.0,78,RMP,baseline,0.0010379949962953106,5.7930024922825396e-05,3.480700252112001e-05,0.00039003705023787916,0.00016799801960587502,0.0
10.0,78,RMP,optimized,0.0005494170036399737,5.130196223035455e-05,4.1780032915994525e-05,0.00011549802729859948,0.00014727501547895372,0.00011131698556710035
10.0,79,RMP,baseline,0.0012055430124746636,5.5280979722738266e-05,4.4684988097287714e-05,0.00047821200860198587,0.00017884199041873217,0.0
10.0,79,RMP,optimized,0.0005089490005047992,4.2505955207161605e-05,2.7041984139941633e-05,0.0001204299769597128,0.00012865701864939183,0.00011031300527974963
10.0,80,RMP,baseline,0.0009996509907068685,5.3334981203079224e-05,3.1804986065253615e-05,0.0003692020254675299,0.00014963597641326487,0.0
10.0,80,RMP,optimized,0.0004831369878957048,4.967101267538965e-05,2.5456000003032386e-05,0.0001069510035449639,0.00012732901086565107,0.00010265602031722665
10.0,81,RMP,baseline,0.001322267999057658,6.72750174999237e-05,4.680397978518158e-05,0.0004943660169374198,0.0002273929858347401,0.0
10.0,81,RMP,optimized,0.0006517730071209371,5.217998113948852e-05,3.277200448792428e-05,0.00016875501023605466,0.00015937902207951993,0.00013675400987267494
10.0,82,RMP,baseline,0.001023937002173625,5.603099998552352e-05,3.517298318911344e-05,0.0003901439922628924,0.0001807040098356083,0.0
10.0,82,RMP,optimized,0.0004913300072075799,4.960097430739552e-05,2.57729843724519e-05,0.00010679899423848838,0.00012859198614023626,0.00010238501999992877
10.0,83,RMP,baseline,0.0009511200041742995,4.686503962147981e-05,3.2450989237986505e-05,0.00037256804353091866,0.0001533000177005306,0.0
10.0,83,RMP,optimized,0.0004708869964815676,4.144996637478471e-05,2.5343018933199346e-05,0.00010728499910328537,0.00012250299914740026,0.00010026799282059073
10.0,84,RMP,baseline,0.0011317339958623052,5.787101690657437e-05,3.470999945420772e-05,0.00046205802937038243,0.00017564799054525793,0.0
10.0,84,RMP,optimized,0.0005747190007241443,5.45009970664978e-05,2.9363000066950917e-05,0.00013733199739363045,0.0001616170338820666,0.00011324600200168788
10.0,85,RMP,baseline,0.0010385990026406944,4.7868015826679766e-05,4.024096415378153e-05,0.0004196800437057391,0.00015213900769595057,0.0
10.0,85,RMP,optimized,0.0005072960047982633,4.267001349944621e-05,2.7532994863577187e-05,0.00011236300633754581,0.0001415759907104075,0.00010627403389662504
10.0,86,RMP,baseline,0.001057068002410233,5.5652984883636236e-05,4.497593909036368e-05,0.0004031229764223099,0.00015429897757712752,0.0
10.0,86,RMP,optimized,0.0004892860015388578,4.947301931679249e-05,2.5524015654809773e-05,0.00010732900409493595,0.00012990600953344256,0.00010384997585788369
10.0,87,RMP,baseline,0.001069234000169672,5.0802031182684004e-05,3.864496829919517e-05,0.00039399604429490864,0.00016031900304369628,0.0
10.0,87,RMP,optimized,0.0010464329971000552,9.30909882299602e-05,5.563898594118655e-05,0.0002331390423933044,0.0003547659871401265,0.00017879299412015826
10.0,88,RMP,baseline,0.0010142679966520518,5.76950260438025e-05,3.2001989893615246e-05,0.0004016850289190188,0.0001523660175735131,0.0
10.0,88,RMP,optimized,0.0005107430042698979,5.423199036158621e-05,2.5859029847197235e-05,0.00010965901310555637,0.00013210500765126199,0.00012204002996440977
10.0,89,RMP,baseline,0.0009532569965813309,4.586797149386257e-05,3.205196117050946e-05,0.00036776799242943525,0.00015414904919452965,0.0
10.0,89,RMP,optimized,0.00046875000407453626,4.1741019231267273e-05,2.494700311217457e-05,0.0001056400069501251,0.00012555801367852837,0.0001016790047287941
10.0,90,RMP,baseline,0.001240267010871321,5.453596531879157e-05,3.375401138328016e-05,0.0004153500049142167,0.00015326301218010485,0.0
10.0,90,RMP,optimized,0.0009718500077724457,7.114098116289824e-05,4.7794965212233365e-05,0.00028670401661656797,0.00026998303656000644,0.0001618929672986269
10.0,91,RMP,baseline,0.000977153002168052,5.3480020142160356e-05,4.090799484401941e-05,0.0003871090157190338,0.00014496502990368754,0.0
10.0,91,RMP,optimized,0.0005551429931074381,4.6335990191437304e-05,2.9462025850079954e-05,0.00013922096695750952,0.0001437199825886637,0.00011555904347915202
10.0,92,RMP,baseline,0.0009750320023158565,5.373400927055627e-05,3.3759031794033945e-05,0.000400273987906985,0.00014412900782190263,0.0
10.0,92,RMP,optimized,0.0005097539979033172,4.995799099560827e-05,2.551496436353773e-05,0.0001119860535254702,0.00013667998427990824,0.00010312299127690494
10.0,93,RMP,baseline,0.0009439049899810925,6.508195656351745e-05,3.2257012207992375e-05,0.00037049601087346673,0.0001376569998683408,0.0
10.0,93,RMP,optimized,0.00046185699466150254,4.034095036331564e-05,2.501302515156567e-05,0.00010725499305408448,0.00011943900608457625,0.00010064101661555469
10.0,94,RMP,baseline,0.0011890229943674058,6.152199057396501e-05,3.855700197163969e-05,0.00042577697604428977,0.00020320297335274518,0.0
10.0,94,RMP,optimized,0.0008279670000774786,0.00012455102114472538,6.779599061701447e-05,0.00016824199701659381,0.00019115599570795894,0.0001442409702576697
10.0,95,RMP,baseline,0.0010062590008601546,4.665802407544106e-05,3.841902071144432e-05,0.00040773504588287324,0.0001472589938202873,0.0
10.0,95,RMP,optimized,0.0005119019915582612,4.1684965253807604e-05,2.6888985303230584e-05,0.00011471100151538849,0.00013571002637036145,0.00011649499356281012
10.0,96,RMP,baseline,0.0011015999916708097,6.251997547224164e-05,3.7498000892810524e-05,0.00043817301047965884,0.00016845598293002695,0.0
10.0,96,RMP,optimized,0.0006060570012778044,5.727099778596312e-05,3.256801574025303e-05,0.0001330250088358298,0.00015579303726553917,0.0001213989598909393
10.0,97,RMP,baseline,0.0010360789892729372,5.143397720530629e-05,3.715098137035966e-05,0.0004126149869989604,0.00017465600103605539,0.0
10.0,97,RMP,optimized,0.00047201200504787266,4.225704469718039e-05,2.5551009457558393e-05,0.00010735902469605207,0.00012144003994762897,0.00010179801029153168
10.0,98,RMP,baseline,0.0010511199943721294,5.703700298909098e-05,3.593700239434838e-05,0.00041282099846284837,0.0001567989820614457,0.0
10.0,98,RMP,optimized,0.0006633470038650557,7.545200060121715e-05,3.757695958483964e-05,0.00015552299737464637,0.00016234404756687582,0.00012118002632632852
10.0,99,RMP,baseline,0.0010130019945790991,4.5338019845075905e-05,4.275700484868139e-05,0.0003663470270112157,0.00014843301323708147,0.0
10.0,99,RMP,optimized,0.0004897300095763057,4.1059975046664476e-05,2.8925991500727832e-05,0.00010345496411900967,0.00012193599832244217,0.00010092600132338703
10.0,100,RMP,baseline,0.0009305499988840893,4.490901483222842e-05,3.501697210595012e-05,0.00035713400575332344,0.00013832903641741723,0.0
10.0,100,RMP,optimized,0.00046628399286419153,4.239898407831788e-05,2.6359994080848992e-05,0.00010659500549081713,0.00012037601845804602,0.00010278997069690377
10.0,101,RMP,baseline,0.0011550620110938326,5.982797301840037e-05,9.955496352631599e-05,0.0004233160143485293,0.00017322300118394196,0.0
10.0,101,RMP,optimized,0.0005734199949074537,7.51010375097394e-05,3.0327049898914993e-05,0.00012648403935600072,0.00014173000818118453,0.00011663799523375928
10.0,102,RMP,baseline,0.0009567719971528277,5.3306022891774774e-05,3.128201933577657e-05,0.00036670394183602184,0.00014715897850692272,0.0
10.0,102,RMP,optimized,0.00047614499635528773,4.907898255623877e-05,2.4384004063904285e-05,0.00010214099893346429,0.00012873802916146815,0.00010083295637741685
10.0,103,RMP,baseline,0.0011604470055317506,7.475401798728853e-05,4.1504972614347935e-05,0.00045344697718974203,0.0001634740037843585,0.0
10.0,103,RMP,optimized,0.00046438600111287087,4.165699647273868e-05,2.504794974811375e-05,0.00010754798131529242,0.00012102200707886368,0.00010119401849806309
10.0,104,RMP,baseline,0.0014240890013752505,6.673397729173303e-05,4.4925996917299926e-05,0.0005763880180893466,0.00019973400048911572,0.0
10.0,104,RMP,optimized,0.0005978389963274822,5.586100451182574e-05,4.049300332553685e-05,0.00013200099056120962,0.000147386992466636,0.00011708197416737676
10.0,105,RMP,baseline,0.0009519820014247671,4.635102231986821e-05,3.739002568181604e-05,0.0003794000076595694,0.0001413939899066463,0.0
10.0,105,RMP,optimized,0.0006201959913596511,8.744596561882645e-05,3.25399887515232e-05,0.00012690502626355737,0.00014472797920461744,0.00014760397607460618
10.0,106,RMP,baseline,0.0009564630017848685,5.248503293842077e-05,2.9611968784593046e-05,0.00037143001100048423,0.00014141197607386857,0.0
10.0,106,RMP,optimized,0.0006890669901622459,6.070701056160033e-05,3.414700040593743e-05,0.00013826001668348908,0.00017345200467389077,0.00014675497368443757
10.0,107,RMP,baseline,0.0010330490040360019,5.6734003010205925e-05,4.859402542933822e-05,0.000398590971599333,0.00016003099153749645,0.0
10.0,107,RMP,optimized,0.0006223280070116743,4.754800465889275e-05,2.935994416475296e-05,0.00012739803059957922,0.00020572303037624806,0.00012972096737939864
10.0,108,RMP,baseline,0.000996640999801457,5.5889031500555575e-05,3.163798828609288e-05,0.00038553401827812195,0.00014857901260256767,0.0
10.0,108,RMP,optimized,0.0005094299995107576,5.20380272064358e-05,2.7156027499586344e-05,0.00011256099969614297,0.00013659297837875783,0.00010792097600642592
10.0,109,RMP,baseline,0.001747001995681785,0.00011922499106731266,6.20889913989231e-05,0.0006215269968379289,0.0002817979984683916,0.0
10.0,109,RMP,optimized,0.000863231995026581,6.02670043008402e-05,5.0794013077393174e-05,0.00019429298117756844,0.0002391669841017574,0.00020320096518844366
10.0,110,RMP,baseline,0.0011259009916102514,6.25789980404079e-05,4.0314000216312706e-05,0.0004262660222593695,0.00017205200856551528,0.0
10.0,110,RMP,optimized,0.0005542110011447221,5.612900713458657e-05,3.004302561748773e-05,0.00012188799155410379,0.00014838397328276187,0.00011539501429069787
10.0,111,RMP,baseline,0.0011207530042156577,5.8966033975593746e-05,3.9044025470502675e-05,0.00041183200664818287,0.00016539200441911817,0.0
10.0,111,RMP,optimized,0.0005108890036353841,4.473597800824791e-05,2.7223039069212973e-05,0.00011873501352965832,0.00013213299098424613,0.00011267000809311867
10.0,112,RMP,baseline,0.0017598349950276315,7.949797145556659e-05,6.610699347220361e-05,0.0006813390064053237,0.0002980110148200765,0.0
10.0,112,RMP,optimized,0.0006707279972033575,6.302300607785583e-05,3.531399124767631e-05,0.0001477439800510183,0.00017088497406803071,0.00013229101023171097
10.0,113,RMP,baseline,0.0011958109971601516,5.131300713401288e-05,3.890098014380783e-05,0.0005206950154388323,0.00016814598347991705,0.0
10.0,113,RMP,optimized,0.0005169900105101988,4.479300696402788e-05,2.9745962820015848e-05,0.00011755603190977126,0.00013298199337441474,0.00011086302401963621
10.0,114,RMP,baseline,0.0013975009933346882,9.741401299834251e-05,4.969698784407228e-05,0.0005097619723528624,0.00024851901980582625,0.0
10.0,114,RMP,optimized,0.00061953799740877,5.820895603392273e-05,3.907998325303197e-05,0.0001435309968655929,0.00015352903574239463,0.00012435903772711754
10.0,115,RMP,baseline,0.0010018249886343256,5.029799649491906e-05,4.16000111727044e-05,0.0003982819907832891,0.00014767202083021402,0.0
10.0,115,RMP,optimized,0.0006662369996774942,5.032404442317784e-05,3.5245975595898926e-05,0.00013821602624375373,0.0001744259789120406,0.0001267239567823708
10.0,116,RMP,baseline,0.0012533580011222512,5.58700121473521e-05,4.5555963879451156e-05,0.00045536100515164435,0.00022776899277232587,0.0
10.0,116,RMP,optimized,0.0008216040005208924,9.228700946550816e-05,5.735698505304754e-05,0.00018695395556278527,0.00018749295850284398,0.0001758020225679502
10.0,117,RMP,baseline,0.001206697997986339,5.778101331088692e-05,4.263503069523722e-05,0.0004897300386801362,0.00020556201343424618,0.0
10.0,117,RMP,optimized,0.0008509109902661294,4.9024005420506e-05,3.280496457591653e-05,0.00020330300321802497,0.00016009100363589823,0.0002215489948866889
10.0,118,RMP,baseline,0.0013041060010436922,6.269801815506071e-05,4.4750035158358514e-05,0.0004960599908372387,0.00022304500453174114,0.0
10.0,118,RMP,optimized,0.0006348039896693081,5.183706525713205e-05,2.927004243247211e-05,0.00014864897821098566,0.0001534699840703979,0.00012832603533752263
10.0,119,RMP,baseline,0.0010448419925523922,5.036297079641372e-05,3.515293064992875e-05,0.0004192109772702679,0.00016016600420698524,0.0
10.0,119,RMP,optimized,0.0004993940092390403,4.5086024329066277e-05,2.7126996428705752e-05,0.00011173698294442147,0.0001287549821427092,0.00010740198194980621
10.0,120,RMP,baseline,0.0010071930009871721,4.751897358801216e-05,3.477197606116533e-05,0.0003994250437244773,0.00014771302812732756,0.0
10.0,120,RMP,optimized,0.0005049979954492301,4.4226006139069796e-05,2.6003021048381925e-05,0.0001160799729404971,0.0001309590006712824,0.00011105202429462224
10.0,121,RMP,baseline,0.00103463300911244,5.40360197192058e-05,3.775097138714045e-05,0.00040617598278913647,0.00016601098468527198,0.0
10.0,121,RMP,optimized,0.0007005380030022934,4.859900218434632e-05,3.4852942917495966e-05,0.0001537959760753438,0.00016070403216872364,0.00020761297491844743
10.0,122,RMP,baseline,0.0010375349957030267,4.9564987421035767e-05,3.352001658640802e-05,0.00040184002136811614,0.00015846302267163992,0.0
10.0,122,RMP,optimized,0.000549478005268611,4.815103602595627e-05,2.8964976081624627e-05,0.00012397403770592064,0.00014254101552069187,0.00011872699542436749
10.0,123,RMP,baseline,0.0010180309909628704,4.8786954721435905e-05,3.435100370552391e-05,0.0004132879985263571,0.00014942805864848197,0.0
10.0,123,RMP,optimized,0.0004967300046700984,4.274498496670276e-05,2.6898982468992472e-05,0.00011179299326613545,0.0001301930024055764,0.00010747098713181913
10.0,124,RMP,baseline,0.0011455740022938699,5.4033007472753525e-05,3.9847989683039486e-05,0.00046551297418773174,0.00017459399532526731,0.0
10.0,124,RMP,optimized,0.0007349130028160289,5.117604450788349e-05,3.357799141667783e-05,0.000157889022375457,0.00017543399007990956,0.00021181697957217693
10.0,125,RMP,baseline,0.00104494699917268,4.869796975981444e-05,3.917698631994426e-05,0.0004107789427507669,0.00015120301395654678,0.0
10.0,125,RMP,optimized,0.0005693739949492738,4.633399657905102e-05,2.9666975024156272e-05,0.00012857899127993733,0.00014325702795758843,0.00013357499847188592
10.0,126,RMP,baseline,0.0011418479989515617,5.4858013754710555e-05,4.581095708999783e-05,0.00043044102494604886,0.00018070901569444686,0.0
10.0,126,RMP,optimized,0.0006374610093189403,5.1024966523982584e-05,3.243501123506576e-05,0.0001437239843653515,0.0001667900214670226,0.00014344898227136582
10.0,127,RMP,baseline,0.001626170997042209,7.117098721209913e-05,4.7308014472946525e-05,0.0006346250156639144,0.00023007404524832964,0.0
10.0,127,RMP,optimized,0.0006696760101476684,5.595100810751319e-05,3.391204518266022e-05,0.00016261498967651278,0.00016588400467298925,0.00014101700799074024
10.0,128,RMP,baseline,0.001473930009524338,8.34609818411991e-05,5.5518001317977905e-05,0.0005797090125270188,0.00020913098705932498,0.0
10.0,128,RMP,optimized,0.0005743430083384737,5.0982984248548746e-05,3.161802305839956e-05,0.00013471799320541322,0.00014982596621848643,0.00012391801283229142
10.0,129,RMP,baseline,0.001024708995828405,5.696500011254102e-05,3.244703111704439e-05,0.00041126202268060297,0.00015586397785227746,0.0
10.0,129,RMP,optimized,0.0005889220046810806,5.632400279864669e-05,2.5444009224884212e-05,0.00011455401545390487,0.00019612199685070664,0.0001111620367737487
10.0,130,RMP,baseline,0.0010689100017771125,5.18380111316219e-05,4.1491963202133775e-05,0.00041370996041223407,0.00015845103189349174,0.0
10.0,130,RMP,optimized,0.000623087995336391,5.999398126732558e-05,3.7033940316177905e-05,0.00014094400103203952,0.00016035301086958498,0.0001246030005859211
10.0,131,RMP,baseline,0.0010024040093412623,5.552898801397532e-05,3.629896673373878e-05,0.0003938139561796561,0.00015019901911728084,0.0
10.0,131,RMP,optimized,0.0005593850073637441,5.6796008720993996e-05,2.9768008971586823e-05,0.00012087596405763179,0.00014832496526651084,0.00011549799819476902
10.0,132,RMP,baseline,0.001355900996713899,7.612802437506616e-05,4.745701153296977e-05,0.00047444997471757233,0.00022658398665953428,0.0
10.0,132,RMP,optimized,0.0005563119921134785,4.7947949497029185e-05,3.0363997211679816e-05,0.0001296629779972136,0.00014452598406933248,0.00011966102465521544
10.0,133,RMP,baseline,0.0009875539981294423,5.7318960898555815e-05,3.2787007512524724e-05,0.0003813380462815985,0.00015328999143093824,0.0
10.0,133,RMP,optimized,0.0004986939893569797,5.1417024224065244e-05,2.513402432668954e-05,0.00010867595847230405,0.00013321700680535287,0.00010566301352810115
10.0,134,RMP,baseline,0.001109552991692908,5.040598625782877e-05,3.851905057672411e-05,0.00043515602010302246,0.00016840299940668046,0.0
10.0,134,RMP,optimized,0.0005319110059645027,4.635099321603775e-05,2.782202500384301e-05,0.00012030600919388235,0.0001363569899694994,0.00011534200166352093
10.0,135,RMP,baseline,0.0010985150001943111,6.12330186413601e-05,3.9371036109514534e-05,0.0004244279843987897,0.00017105898587033153,0.0
10.0,135,RMP,optimized,0.0005936269881203771,5.6855977163650095e-05,3.0302020604722202e-05,0.00012990502000320703,0.00014879502123221755,0.00012191598943900317
10.0,136,RMP,baseline,0.0010734899988165125,4.871698911301792e-05,4.1050006984733045e-05,0.00037751397758256644,0.00015931898087728769,0.0
10.0,136,RMP,optimized,0.000469493999844417,4.1135979699902236e-05,2.4603985366411507e-05,0.0001075670006684959,0.00012132601113989949,0.00010186199506279081
10.0,137,RMP,baseline,0.0016954009915934876,8.047099981922656e-05,5.50660042790696e-05,0.0006799500115448609,0.00027358197257854044,0.0
10.0,137,RMP,optimized,0.0005390199949033558,5.3161042160354555e-05,2.7931018848903477e-05,0.0001238499826285988,0.00013718496484216303,0.0001145980495493859
10.0,138,RMP,baseline,0.0009063930046977475,4.5074004447087646e-05,3.057502908632159e-05,0.00036057397664990276,0.00013315399701241404,0.0
10.0,138,RMP,optimized,0.00071865099016577,5.1488023018464446e-05,3.5724035114981234e-05,0.00014549003390129656,0.00023844001407269388,0.00014748898684047163
10.0,139,RMP,baseline,0.0009472879901295528,5.2901043090969324e-05,3.0965005862526596e-05,0.0003624869859777391,0.0001453869917895645,0.0
10.0,139,RMP,optimized,0.0004821500042453408,4.981103120371699e-05,2.614599361550063e-05,0.00010709399066399783,0.00012751900067087263,0.00010291000944562256
10.0,140,RMP,baseline,0.0010184660059167072,4.9651978770270944e-05,3.545801155269146e-05,0.0004084910178789869,0.0001568010338814929,0.0
10.0,140,RMP,optimized,0.0005484720022650436,4.660902777686715e-05,2.9022980015724897e-05,0.00012610304111149162,0.00014537600509356707,0.00011663300392683595
10.0,141,RMP,baseline,0.0010928419942501932,6.211502477526665e-05,3.5491990274749696e-05,0.0004115590127184987,0.0001768829970387742,0.0
10.0,141,RMP,optimized,0.0005201180028961971,5.5791024351492524e-05,2.6191017241217196e-05,0.00011546503810677677,0.00014135301171336323,0.00010766799096018076
10.0,142,RMP,baseline,0.0009880319994408637,4.984803672414273e-05,4.145500133745372e-05,0.00038122202386148274,0.00015375400835182518,0.0
10.0,142,RMP,optimized,0.0005613469984382391,4.793998959939927e-05,2.904399298131466e-05,0.00012473500100895762,0.00015927596541587263,0.0001151830074377358
10.0,143,RMP,baseline,0.0013154730113456026,7.51369952922687e-05,4.4060012442059815e-05,0.0005248959932941943,0.00021006596216466278,0.0
10.0,143,RMP,optimized,0.0006142720085335895,5.873398913536221e-05,2.9902017558924854e-05,0.00013304503227118403,0.00016121301450766623,0.00012670800788328052
10.0,144,RMP,baseline,0.0009807750029722229,4.88980149384588e-05,3.385994932614267e-05,0.00038013700395822525,0.00014894199557602406,0.0
10.0,144,RMP,optimized,0.0005027599981985986,4.132700269110501e-05,2.734799636527896e-05,0.00011121299758087844,0.00012947995855938643,0.00010697302059270442
10.0,145,RMP,baseline,0.0012621759960893542,6.861297879368067e-05,4.317701677791774e-05,0.0005270069814287126,0.0001810510439099744,0.0
10.0,145,RMP,optimized,0.0006650589930359274,4.790798993781209e-05,7.34930217731744e-05,0.0001525809639133513,0.00014746899250894785,0.000135784997837618
10.0,146,RMP,baseline,0.0010583010007394478,4.9932015826925635e-05,3.520202881190926e-05,0.0004198870010441169,0.00015289802104234695,0.0
10.0,146,RMP,optimized,0.0005098230030853301,4.605196591001004e-05,2.776195469778031e-05,0.00011930997425224632,0.00013005097571294755,0.00010942199151031673
10.0,147,RMP,baseline,0.001069414007361047,4.818697925657034e-05,3.4392985980957747e-05,0.00044895304017700255,0.00014992502110544592,0.0
10.0,147,RMP,optimized,0.000506746000610292,4.24719910370186e-05,2.654899435583502e-05,0.00011312503193039447,0.00012626797251868993,0.00011954898945987225
10.0,148,RMP,baseline,0.0009547160007059574,4.6232002205215394e-05,3.17869707942009e-05,0.0003909379884134978,0.00013931099965702742,0.0
10.0,148,RMP,optimized,0.00046936600119806826,4.252798680681735e-05,2.4728011339902878e-05,0.00010758294956758618,0.00012097301078028977,0.00010082102380692959
10.0,149,RMP,baseline,0.0011954170040553436,6.57479977235198e-05,4.347898357082158e-05,0.00046059397573117167,0.00019893399439752102,0.0
10.0,149,RMP,optimized,0.0004906510002911091,4.392798291519284e-05,2.706097438931465e-05,0.00011445299605838954,0.0001233100047102198,0.00010987001587636769
10.0,150,RMP,baseline,0.0009818959952099249,4.77630237583071e-05,3.406799805816263e-05,0.00037999397318344563,0.00015884099411778152,0.0
10.0,150,RMP,optimized,0.0006201670039445162,4.5307009713724256e-05,3.643502714112401e-05,0.00013155901979189366,0.00018889499187935144,0.0001283799938391894
10.0,151,RMP,baseline,0.0013337359996512532,6.392999785020947e-05,5.968801269773394e-05,0.0005086270102765411,0.00021989694505464286,0.0
10.0,151,RMP,optimized,0.000546342009329237,4.651595372706652e-05,2.8215014026500285e-05,0.00012939798762090504,0.0001391250261804089,0.00011585597530938685
10.0,152,RMP,baseline,0.001069510995876044,4.892899596597999e-05,3.605295205488801e-05,0.000413619025493972,0.0001719209976727143,0.0
10.0,152,RMP,optimized,0.0005664280033670366,4.546203126665205e-05,3.066596400458366e-05,0.00013650894106831402,0.0001373699924442917,0.00013173300249036402
10.0,153,RMP,baseline,0.0010880530026042834,5.810099537484348e-05,3.8448008126579225e-05,0.00043591397115960717,0.00017093897622544318,0.0
10.0,153,RMP,optimized,0.0006106269865995273,6.454699905589223e-05,3.2451978768222034e-05,0.00014329497935250401,0.00014425802510231733,0.00013331501395441592
10.0,154,RMP,baseline,0.0010692130017559975,4.905501555185765e-05,3.542299964465201e-05,0.0004217729438096285,0.00015545403584837914,0.0
10.0,154,RMP,optimized,0.0005262990016490221,4.581398388836533e-05,2.7502959710545838e-05,0.00012137801968492568,0.00013768700591754168,0.00011328702385071665
10.0,155,RMP,baseline,0.0008710480033187196,4.2955027311109006e-05,2.8682974516414106e-05,0.0003440900327404961,0.00012771702313330024,0.0
10.0,155,RMP,optimized,0.0005285599909257144,4.3769992771558464e-05,3.2738986192271113e-05,0.00011423697287682444,0.00013277199468575418,0.00010812198161147535
10.0,156,RMP,baseline,0.0009246100089512765,4.574596823658794e-05,3.172403376083821e-05,0.0003726530121639371,0.00013489005505107343,0.0
10.0,156,RMP,optimized,0.0005613950052065775,4.664600419346243e-05,2.919501275755465e-05,0.00012699297803919762,0.00015493000682909042,0.00011794097372330725
10.0,157,RMP,baseline,0.0009262780076824129,4.6765984734520316e-05,3.1512012355960906e-05,0.000371771035133861,0.0001358030131086707,0.0
10.0,157,RMP,optimized,0.0004633970092982054,4.114297917112708e-05,2.541203866712749e-05,0.00010608401498757303,0.0001193690113723278,0.00010190600005444139
10.0,158,RMP,baseline,0.001025468998705037,5.8926030760630965e-05,3.504197229631245e-05,0.0004084960091859102,0.0001467089750804007,0.0
10.0,158,RMP,optimized,0.0005556099931709468,4.496303154155612e-05,2.749000850599259e-05,0.00012438300473149866,0.00015439398703165352,0.00011506103328429163
10.0,159,RMP,baseline,0.001119751002988778,5.151594814378768e-05,5.406604032032192e-05,0.0004178880335530266,0.000186586010386236,0.0
10.0,159,RMP,optimized,0.001025997000397183,5.0736009143292904e-05,3.615597961470485e-05,0.0004331279778853059,0.00024186199880205095,0.0001398169988533482
10.0,160,RMP,baseline,0.001732994001940824,8.2675032899715e-05,6.353198841679841e-05,0.0006511579849757254,0.0002756620233412832,0.0
10.0,160,RMP,optimized,0.0009961169998859987,8.287299715448171e-05,6.411000504158437e-05,0.00023160496493801475,0.0002680650068214163,0.0002070909831672907
10.0,161,RMP,baseline,0.0018605920049594715,9.314699855167419e-05,7.992595783434808e-05,0.0007066589896567166,0.00028637502691708505,0.0
10.0,161,RMP,optimized,0.000843016998260282,6.773599307052791e-05,4.824499774258584e-05,0.00020796598982997239,0.00021458297851495445,0.00017963598656933755
10.0,162,RMP,baseline,0.002205866010626778,9.240501094609499e-05,8.328699914272875e-05,0.0008236739959102124,0.00036826102586928755,0.0
10.0,162,RMP,optimized,0.0012028779892716557,9.094600682146847e-05,7.961198571138084e-05,0.0003044549812329933,0.00029320102476049215,0.0002324210072401911
10.0,163,RMP,baseline,0.001183282001875341,5.1907991291955113e-05,5.0085989641956985e-05,0.00045953596418257803,0.0001937930064741522,0.0
10.0,163,RMP,optimized,0.0005175870028324425,4.4135027565062046e-05,2.7480986318551004e-05,0.00011623802129179239,0.00013217900414019823,0.00011501494736876339
10.0,164,RMP,baseline,0.0010395119898021221,6.945295899640769e-05,3.5105011193081737e-05,0.00040536899177823216,0.00015599698235746473,0.0
10.0,164,RMP,optimized,0.0008160869911080226,7.703699520789087e-05,4.265196912456304e-05,0.00016812996182125062,0.0002676370058907196,0.00015297702339012176
10.0,165,RMP,baseline,0.001261972007341683,5.778401100542396e-05,4.7255001845769584e-05,0.00047561498649884015,0.0002243770140921697,0.0
10.0,165,RMP,optimized,0.0020146949973423034,0.00010040102642960846,0.00016633296036161482,0.0003720429813256487,0.00041041799704544246,0.0007672430365346372
10.0,166,RMP,baseline,0.0009799840045161545,5.4293006542138755e-05,3.7450052332133055e-05,0.0003742200060514733,0.0001471720024710521,0.0
10.0,166,RMP,optimized,0.000494009000249207,5.2068004151806235e-05,2.569102798588574e-05,0.00010929703421425074,0.00013122099335305393,0.00010577701323200017
10.0,167,RMP,baseline,0.0015463029994862154,0.00020314396533649415,5.230802344158292e-05,0.0005801289953524247,0.00018654899031389505,0.0
10.0,167,RMP,optimized,0.0007393379928544164,5.493094795383513e-05,3.8870988646522164e-05,0.00016789903747849166,0.00017974698857869953,0.0001878220064099878
10.0,168,RMP,baseline,0.0011209950025659055,6.720298551954329e-05,3.5602031857706606e-05,0.00045946796308271587,0.0001637200330151245,0.0
10.0,168,RMP,optimized,0.000490922000608407,5.023997800890356e-05,2.5763001758605242e-05,0.00010998801735695451,0.00013285099703352898,0.00010271293285768479
10.0,169,RMP,baseline,0.000981632008915767,4.7577996156178415e-05,3.826599277090281e-05,0.0003884379839291796,0.00014231399109121412,0.0
10.0,169,RMP,optimized,0.0005580650031333789,4.950996662955731e-05,3.0121998861432076e-05,0.00012427198817022145,0.00014629701036028564,0.00012270700244698673
10.0,170,RMP,baseline,0.0010541789961280301,5.515995144378394e-05,3.5855016903951764e-05,0.00043376802932471037,0.00015229600830934942,0.0
10.0,170,RMP,optimized,0.0005795500037493184,5.682201299350709e-05,2.9461021767929196e-05,0.00012481698649935424,0.00015935198462102562,0.00011776501196436584
10.0,171,RMP,baseline,0.0011002120008924976,5.096697714179754e-05,5.218799924477935e-05,0.00041292399691883475,0.00016688999312464148,0.0
10.0,171,RMP,optimized,0.0004972309980075806,4.401798651088029e-05,2.6073932531289756e-05,0.00011874298797920346,0.00012459498248063028,0.00010939000640064478
10.0,172,RMP,baseline,0.0010475629969732836,5.901198892388493e-05,4.452001303434372e-05,0.00040389999048784375,0.00016423802298959345,0.0
10.0,172,RMP,optimized,0.0007269950001500547,6.002296868246049e-05,8.894299389794469e-05,0.00015610698028467596,0.00018458699923940003,0.00014129201008472592
10.0,173,RMP,baseline,0.0010471130080986768,4.7542009269818664e-05,3.4173979656770825e-05,0.000395896946429275,0.0001511670125182718,0.0
10.0,173,RMP,optimized,0.0005111909995321184,4.5913984649814665e-05,2.7204034267924726e-05,0.0001190960465464741,0.00013193694758228958,0.00011169799836352468
10.0,174,RMP,baseline,0.0010157420038012788,4.908601113129407e-05,3.5653996746987104e-05,0.00038853198930155486,0.00015445701137650758,0.0
10.0,174,RMP,optimized,0.0005665740027325228,5.0891030696220696e-05,2.9350980184972286e-05,0.0001262050063814968,0.00015186602831818163,0.00011865500709973276
10.0,175,RMP,baseline,0.001041272989823483,5.61889901291579e-05,3.207098052371293e-05,0.00040831400838214904,0.00016297698311973363,0.0
10.0,175,RMP,optimized,0.0005234620039118454,5.439401138573885e-05,2.808602584991604e-05,0.00011520797852426767,0.00014084401482250541,0.00011087798338849097
10.0,176,RMP,baseline,0.0011702090123435482,8.324297959916294e-05,3.965594805777073e-05,0.00046734594798181206,0.00016113101446535438,0.0
10.0,176,RMP,optimized,0.0005317040049703792,4.484003875404596e-05,2.7217960450798273e-05,0.00012861096183769405,0.00013066502287983894,0.00011893898772541434
10.0,177,RMP,baseline,0.0009748779993969947,5.611698725260794e-05,3.6891986383125186e-05,0.0003837990225292742,0.00014802000077906996,0.0
10.0,177,RMP,optimized,0.0005407690041465685,5.205799243412912e-05,2.6861060177907348e-05,0.00012332599726505578,0.00014913699124008417,0.00011012695904355496
10.0,178,RMP,baseline,0.000976209994405508,4.6698987716808915e-05,3.3374992199242115e-05,0.0003863580204779282,0.00014770998677704483,0.0
10.0,178,RMP,optimized,0.0006148320098873228,4.63850301457569e-05,6.189999112393707e-05,0.00012749699817504734,0.0001548069849377498,0.00013112193846609443
10.0,179,RMP,baseline,0.0009550020040478557,5.3557989303953946e-05,3.1782969017513096e-05,0.00037627798155881464,0.0001456789905205369,0.0
10.0,179,RMP,optimized,0.0005354930035537109,5.274798604659736e-05,2.855996717698872e-05,0.00012937499559484422,0.00013936399773228914,0.00010963801469188184
10.0,180,RMP,baseline,0.0012182670034235343,5.8755031204782426e-05,3.924597695004195e-05,0.0005241930193733424,0.0001692979858489707,0.0
10.0,180,RMP,optimized,0.00046957800805103034,4.254603118170053e-05,2.447699080221355e-05,0.00010703501175157726,0.00012124194472562522,0.00010300398571416736
10.0,181,RMP,baseline,0.0010255939996568486,5.887501174584031e-05,4.8359972424805164e-05,0.0003962249611504376,0.00015316298231482506,0.0
10.0,181,RMP,optimized,0.0005902220000280067,5.56279846932739e-05,2.9538990929722786e-05,0.00012896800762973726,0.00015247598639689386,0.00011762000212911516
10.0,182,RMP,baseline,0.0010318080021534115,4.790700040757656e-05,3.478303551673889e-05,0.0004269689816283062,0.00014996503887232393,0.0
10.0,182,RMP,optimized,0.0005221419996814802,4.230001650284976e-05,2.701304038055241e-05,0.00011817201448138803,0.0001274690148420632,0.00012701397645287216
10.0,183,RMP,baseline,0.0010791390086524189,6.14950549788773e-05,3.866598126478493e-05,0.0003879270370816812,0.000169764956808649,0.0
10.0,183,RMP,optimized,0.00047510999138467014,4.8287984100170434e-05,2.412796311546117e-05,0.00010481401113793254,0.00012620103370863944,9.868101915344596e-05
10.0,184,RMP,baseline,0.0013258619874250144,6.605802627746016e-05,4.818795423489064e-05,0.00048461002006661147,0.00026186501781921834,0.0
10.0,184,RMP,optimized,0.0006307309959083796,4.8099973355419934e-05,3.0163006158545613e-05,0.00015084199549164623,0.00015766102296765894,0.0001464460074203089
10.0,185,RMP,baseline,0.0009170209959847853,5.324599624145776e-05,3.2042007660493255e-05,0.0003547029773471877,0.00013994199980515987,0.0
10.0,185,RMP,optimized,0.0005067390011390671,5.1147027988918126e-05,2.4998036678880453e-05,0.00010583997936919332,0.00012996105942875147,0.0001018219772959128
10.0,186,RMP,baseline,0.0009240340004907921,4.342201282270253e-05,3.0257971957325935e-05,0.0003722829860635102,0.0001349580124951899,0.0
10.0,186,RMP,optimized,0.00046303600538522005,4.0840983274392784e-05,2.4937980924732983e-05,0.00010525004472583532,0.00012012000661343336,0.00010178497177548707
10.0,187,RMP,baseline,0.0010456480085849762,5.987701297271997e-05,4.1674982639960945e-05,0.0004011839773738757,0.00016224996943492442,0.0
10.0,187,RMP,optimized,0.0005911479966016486,5.6137010687962174e-05,2.9607006581500173e-05,0.0001257459953194484,0.0001529270230093971,0.00014031499449629337
10.0,188,RMP,baseline,0.0012898429995402694,5.149698699824512e-05,4.164497659076005e-05,0.0005030249594710767,0.00019189501472283155,0.0
10.0,188,RMP,optimized,0.0007901439967099577,6.385604501701891e-05,4.204695869702846e-05,0.0001831010013120249,0.0001858009782154113,0.00014421199739445
10.0,189,RMP,baseline,0.0009901029989123344,4.8218018491752446e-05,3.359699621796608e-05,0.0003770079929381609,0.0001691119687166065,0.0
10.0,189,RMP,optimized,0.00048234900168608874,4.2544997995719314e-05,2.600796869955957e-05,0.00010888701945077628,0.00012459397839847952,0.00010572299652267247
10.0,190,RMP,baseline,0.00097598199499771,5.5348966270685196e-05,3.3316013286821544e-05,0.0003699590015457943,0.00014917402586434036,0.0
10.0,190,RMP,optimized,0.0005135019891895354,5.296204471960664e-05,2.7539979782886803e-05,0.0001145999995060265,0.0001362740295007825,0.000109350003185682
10.0,191,RMP,baseline,0.0010034190054284409,4.534501931630075e-05,3.266097337473184e-05,0.00037256802897900343,0.00014360899513121694,0.0
10.0,191,RMP,optimized,0.000489649988594465,4.6161963837221265e-05,2.5431043468415737e-05,0.00011252200056333095,0.00012596699525602162,0.0001050749997375533
10.0,192,RMP,baseline,0.00120390800293535,6.185998790897429e-05,3.886398917529732e-05,0.000454350039944984,0.0001932369777932763,0.0
10.0,192,RMP,optimized,0.0007761299930280074,5.710401455871761e-05,3.139300679322332e-05,0.0001482039806433022,0.00015769802848808467,0.00015083499602042139
10.0,193,RMP,baseline,0.0009423899900866672,4.6223984099924564e-05,4.173604247625917e-05,0.0003669119905680418,0.00013560701336245984,0.0
10.0,193,RMP,optimized,0.0004617910017259419,4.086998524144292e-05,2.491999475751072e-05,0.00010637000377755612,0.00011816300684586167,0.00010010399273596704
10.0,194,RMP,baseline,0.0009879160061245784,5.3472991567105055e-05,3.1088959076441824e-05,0.0003738310042535886,0.00015020399587228894,0.0
10.0,194,RMP,optimized,0.0012034469982609153,8.021100074984133e-05,5.157192936167121e-05,0.0003845499741146341,0.00032848597038537264,0.00017491697508376092
10.0,195,RMP,baseline,0.0010977969941450283,4.796500434167683e-05,3.428701893426478e-05,0.0004404579376569018,0.00015727402933407575,0.0
10.0,195,RMP,optimized,0.0004875910090049729,4.28699713665992e-05,2.548404154367745e-05,0.00011278798046987504,0.00012538798910100013,0.00010745599865913391
10.0,196,RMP,baseline,0.0009499579900875688,5.337597394827753e-05,3.0365961720235646e-05,0.00036832402111031115,0.0001476920151617378,0.0
10.0,196,RMP,optimized,0.0007413310086121783,0.00016042901552282274,7.124901458155364e-05,0.00013243398279882967,0.00015420399722643197,0.00012934402911923826
10.0,197,RMP,baseline,0.0010173730115639046,4.661000275518745e-05,3.4504992072470486e-05,0.00039503701555076987,0.0001506109838373959,0.0
10.0,197,RMP,optimized,0.00048242200864478946,4.1861028876155615e-05,2.5034009013324976e-05,0.00011010299203917384,0.00012508698273450136,0.00010284299787599593
10.0,198,RMP,baseline,0.0011215400008950382,6.892498640809208e-05,3.3571021049283445e-05,0.0004172249900875613,0.0001657239772612229,0.0
10.0,198,RMP,optimized,0.0006218569906195626,5.553798109758645e-05,3.129499964416027e-05,0.00014056502550374717,0.00016818300355225801,0.00013267996837385
10.0,199,RMP,baseline,0.0010548459977144375,4.968802386429161e-05,3.603100776672363e-05,0.0004069989954587072,0.0001838239695644006,0.0
10.0,199,RMP,optimized,0.0005361660005291924,4.358003207016736e-05,2.8018999728374183e-05,0.0001342019677395001,0.00013635004870593548,0.00011329699191264808
10.0,200,RMP,baseline,0.0010199130047112703,5.979803972877562e-05,3.251395537517965e-05,0.00038922199746593833,0.00015467000775970519,0.0
10.0,200,RMP,optimized,0.0005321579956216738,5.4369025747291744e-05,2.6922018150798976e-05,0.00011913599155377597,0.00014043101691640913,0.00011492299381643534
10.0,201,RMP,baseline,0.0009971550025511533,4.658596299123019e-05,3.346198354847729e-05,0.00038425499224103987,0.0001636369852349162,0.0
10.0,201,RMP,optimized,0.000631439994322136,4.688100307248533e-05,3.647599078249186e-05,0.00017386699619237334,0.00015609001275151968,0.00012619700282812119
10.0,202,RMP,baseline,0.0010734230017988011,5.8937963331118226e-05,3.775399818550795e-05,0.0004087039706064388,0.00016984100511763245,0.0
10.0,202,RMP,optimized,0.000880908002727665,7.002499478403479e-05,0.00011709603131748736,0.0001499569625593722,0.0002602979802759364,0.00015670605353079736
10.0,203,RMP,baseline,0.0009906740015139803,4.7988040023483336e-05,3.376103995833546e-05,0.0004051350260851905,0.00014326900418382138,0.0
10.0,203,RMP,optimized,0.0005302759964251891,4.3521038605831563e-05,2.7554036932997406e-05,0.00011959702533204108,0.00012812901695724577,0.00013287899491842836
10.0,204,RMP,baseline,0.0009913959947880358,5.2840987336821854e-05,3.182202635798603e-05,0.00036932902003172785,0.0001914109889185056,0.0
10.0,204,RMP,optimized,0.0005726490053348243,6.830200436525047e-05,2.9286995413713157e-05,0.00012477600830607116,0.0001448330149287358,0.00012212498404551297
10.0,205,RMP,baseline,0.0011351540015311912,5.918000533711165e-05,3.631500294432044e-05,0.0004509129939833656,0.0001734070247039199,0.0
10.0,205,RMP,optimized,0.0005306930106598884,5.256201256997883e-05,2.6282024919055402e-05,0.00012623898510355502,0.00013803801266476512,0.0001108490105252713
10.0,206,RMP,baseline,0.0011406000121496618,0.00011473199992906302,3.812098293565214e-05,0.0004274789826013148,0.00016510803834535182,0.0
10.0,206,RMP,optimized,0.0006221179937710986,5.7008961448445916e-05,4.1606006561778486e-05,0.00014511897461488843,0.00016786999185569584,0.0001244800369022414
10.0,207,RMP,baseline,0.000998351999442093,5.6384000345133245e-05,4.102499224245548e-05,0.00037179296487011015,0.0001578470109961927,0.0
10.0,207,RMP,optimized,0.0005361420044209808,5.017199146095663e-05,2.6851979782804847e-05,0.00011526598245836794,0.00014975199883338064,0.00010908900003414601
10.0,208,RMP,baseline,0.0010085539979627356,5.5181983043439686e-05,3.2011987059377134e-05,0.0004030379932373762,0.00015175198495853692,0.0
10.0,208,RMP,optimized,0.0005268710083328187,5.246102227829397e-05,2.8228023438714445e-05,0.0001150640455307439,0.00013481297355610877,0.00010886203381232917
10.0,209,RMP,baseline,0.0009646649996284395,5.498398968484253e-05,3.381901478860527e-05,0.00037612501182593405,0.00014638598076999187,0.0
10.0,209,RMP,optimized,0.0006218110065674409,5.853902257513255e-05,3.1504008802585304e-05,0.00013356604904402047,0.0001622869895072654,0.00014231601380743086
10.0,210,RMP,baseline,0.000971968998783268,5.260198668111116e-05,2.8732989449054003e-05,0.0003651369916042313,0.00015268201241269708,0.0
10.0,210,RMP,optimized,0.0005184719921089709,5.269999383017421e-05,2.5484987418167293e-05,0.00011747806274797767,0.00013466500968206674,0.00011217898281756788
10.0,211,RMP,baseline,0.0015524260088568553,8.10669589554891e-05,5.496498488355428e-05,0.0005234279960859567,0.00026248395442962646,0.0
10.0,211,RMP,optimized,0.0006259220099309459,5.9609999880194664e-05,4.4433967559598386e-05,0.00014393401215784252,0.00015484399045817554,0.00012164401414338499
10.0,212,RMP,baseline,0.0011582360020838678,5.959202826488763e-05,9.304193372372538e-05,0.00041935499757528305,0.00017294198914896697,0.0
10.0,212,RMP,optimized,0.0005529710033442825,5.498304381035268e-05,2.6521971449255943e-05,0.00011690302926581353,0.00015408502076752484,0.00011280599574092776
10.0,213,RMP,baseline,0.001015515998005867,5.589297506958246e-05,3.090099198743701e-05,0.000380488985683769,0.0001716310071060434,0.0
10.0,213,RMP,optimized,0.0005477490049088374,5.5741998949088156e-05,2.7512011001817882e-05,0.00011708599049597979,0.00014799697964917868,0.00011378698400221765
10.0,214,RMP,baseline,0.0010976170015055686,5.9336001868359745e-05,4.6963992645032704e-05,0.0004103709798073396,0.0001640190021134913,0.0
10.0,214,RMP,optimized,0.0005796119949081913,5.503001739270985e-05,4.3190986616536975e-05,0.00012504197366070002,0.00014773797011002898,0.00012171096750535071
10.0,215,RMP,baseline,0.0009795459918677807,5.40570035809651e-05,3.2818992622196674e-05,0.00039296402246691287,0.00014716903388034552,0.0
10.0,215,RMP,optimized,0.0004881719942204654,4.912201256956905e-05,2.4896013201214373e-05,0.00010924796515610069,0.00012838201655540615,0.00010256397945340723
10.0,216,RMP,baseline,0.0010564749973127618,8.522599819116294e-05,3.793499490711838e-05,0.0003986580268247053,0.00015657101175747812,0.0
10.0,216,RMP,optimized,0.0005957179964752868,6.779796967748553e-05,4.5369029976427555e-05,0.0001239889970747754,0.00015368996537290514,0.0001179879909614101
10.0,217,RMP,baseline,0.0010789660009322688,5.737203173339367e-05,4.574900958687067e-05,0.0004200869589112699,0.00016516298637725413,0.0
10.0,217,RMP,optimized,0.000582997003220953,5.6093980674631894e-05,2.7892019716091454e-05,0.00012646100367419422,0.00015218197950161994,0.00013155101623851806
10.0,218,RMP,baseline,0.0010398960002930835,4.6644985559396446e-05,3.445998299866915e-05,0.0004232440405758098,0.0001520909572718665,0.0
10.0,218,RMP,optimized,0.0004960319929523394,4.2436004150658846e-05,2.6082023396156728e-05,0.00012120901374146342,0.00012714297918137163,0.00010672296048142016
10.0,219,RMP,baseline,0.0013062970101600513,5.5708951549604535e-05,4.5666020014323294e-05,0.0005171940138097852,0.00019703200086951256,0.0
10.0,219,RMP,optimized,0.0006808830075897276,4.569697193801403e-05,3.3042015274986625e-05,0.00016071299614850432,0.00015020096907392144,0.00016202898405026644
10.0,220,RMP,baseline,0.0010796309943543747,5.783903179690242e-05,3.544401261024177e-05,0.0003902999305864796,0.00017094005306717008,0.0
10.0,220,RMP,optimized,0.0005883120029466227,5.297199822962284e-05,2.951899659819901e-05,0.00013807699724566191,0.00014952098717913032,0.00011601606092881411
10.0,221,RMP,baseline,0.0012008369958493859,5.48650132259354e-05,3.9403021219186485e-05,0.0004900289786746725,0.00017300601757597178,0.0
10.0,221,RMP,optimized,0.0007211060001282021,4.627100133802742e-05,3.0000985134392977e-05,0.0001545159611850977,0.00015601499762851745,0.00013020398910157382
10.0,222,RMP,baseline,0.0009151060075964779,5.287901149131358e-05,3.6941986763849854e-05,0.000353401992470026,0.00013786298222839832,0.0
10.0,222,RMP,optimized,0.0008781910000834614,7.135997293516994e-05,4.289700882509351e-05,0.00018962600734084845,0.00022443302441388369,0.00021074600226711482
10.0,223,RMP,baseline,0.0010788989893626422,5.0418966566212475e-05,3.861500590573996e-05,0.00042203700286336243,0.00015875502140261233,0.0
10.0,223,RMP,optimized,0.0005213389958953485,4.635599907487631e-05,2.7561996830627322e-05,0.00011918501695618033,0.00013293202209752053,0.00011532098869793117
10.0,224,RMP,baseline,0.00099717199918814,5.641796451527625e-05,3.137602470815182e-05,0.00038897403283044696,0.00015872399671934545,0.0
10.0,224,RMP,optimized,0.0005190020019654185,5.136296385899186e-05,2.5612986064516008e-05,0.00010950201249215752,0.0001335400011157617,0.0001064480165950954
10.0,225,RMP,baseline,0.0012409979972289875,5.5185999372042716e-05,4.018894105684012e-05,0.00043211500451434404,0.00019601601525209844,0.0
10.0,225,RMP,optimized,0.0005905430007260293,4.8242975026369095e-05,3.211895818822086e-05,0.00013549796130973846,0.0001541170058771968,0.00012932100798934698
10.0,226,RMP,baseline,0.0009044299949891865,5.212204996496439e-05,2.920001861639321e-05,0.00035490194568410516,0.0001367799995932728,0.0
10.0,226,RMP,optimized,0.0004929360002279282,5.004400736652315e-05,2.497098466847092e-05,0.00010843497875612229,0.00012954697012901306,0.00010043599468190223
10.0,227,RMP,baseline,0.0008804020035313442,4.300705040805042e-05,2.950697671622038e-05,0.0003503690240904689,0.00013033598952461034,0.0
10.0,227,RMP,optimized,0.0006227070116437972,4.7422057832591236e-05,3.161498170811683e-05,0.0001389419921906665,0.0001826240331865847,0.0001335109700448811
10.0,228,RMP,baseline,0.0009562600025674328,5.4504984291270375e-05,4.3725973227992654e-05,0.0003688980359584093,0.00014397296763490885,0.0
10.0,228,RMP,optimized,0.0005768920091213658,5.346602119971067e-05,2.8609050787054002e-05,0.00015177701425272971,0.0001482799998484552,0.00011607000487856567
10.0,229,RMP,baseline,0.0010377520084148273,4.631404590327293e-05,3.5631994251161814e-05,0.0004202719865133986,0.0001524580002296716,0.0
10.0,229,RMP,optimized,0.0004749630024889484,4.2320985812693834e-05,2.661795588210225e-05,0.00010976805060636252,0.0001244570012204349,0.00010308700439054519
10.0,230,RMP,baseline,0.0010719569982029498,6.0708014643751085e-05,3.793500945903361e-05,0.00040033097320701927,0.00015987899678293616,0.0
10.0,230,RMP,optimized,0.0005306460079737008,5.310903361532837e-05,2.8242982807569206e-05,0.0001182810083264485,0.00014381598157342523,0.00010799600568134338
10.0,231,RMP,baseline,0.0013496409956132993,5.452398909255862e-05,4.226302553433925e-05,0.0005607830244116485,0.00019508703553583473,0.0
10.0,231,RMP,optimized,0.0007696969987591729,5.7680997997522354e-05,4.2666972149163485e-05,0.00017247900541406125,0.0002188019861932844,0.00014611598453484476
10.0,232,RMP,baseline,0.0010333690006518736,5.6806980865076184e-05,3.492500400170684e-05,0.0003882989549310878,0.00017060601385310292,0.0
10.0,232,RMP,optimized,0.00048222199256997555,4.9762995331548154e-05,2.4824024876579642e-05,0.00010723700688686222,0.00012760503159370273,0.00010170995665248483
10.0,233,RMP,baseline,0.0010164459963561967,5.154599784873426e-05,4.130000888835639e-05,0.0004091759765287861,0.00014716996520292014,0.0
10.0,233,RMP,optimized,0.0005158989952178672,4.288596392143518e-05,2.8093985747545958e-05,0.00011783099034801126,0.00012940903252456337,0.00012429998605512083
10.0,234,RMP,baseline,0.001266635998035781,6.151694105938077e-05,4.164698475506157e-05,0.0005317130126059055,0.00018919899594038725,0.0
10.0,234,RMP,optimized,0.0005824779946124181,5.557700933422893e-05,3.113398270215839e-05,0.00013071800640318543,0.000162053998792544,0.00011571797949727625
10.0,235,RMP,baseline,0.001213413997902535,6.0843987739644945e-05,3.828002081718296e-05,0.000432934015407227,0.0001910630235215649,0.0
10.0,235,RMP,optimized,0.0009091710089705884,0.00013055904128123075,5.086901364848018e-05,0.00023836300533730537,0.00018445898604113609,0.00019322700973134488
10.0,236,RMP,baseline,0.0011022329999832436,4.997295036446303e-05,3.787901368923485e-05,0.00041525000415276736,0.00016881608462426811,0.0
10.0,236,RMP,optimized,0.0005459870008053258,4.516199987847358e-05,2.903802669607103e-05,0.0001223639992531389,0.00013347502681426704,0.00011281702609267086
10.0,237,RMP,baseline,0.0011334620066918433,6.154696166049689e-05,3.748902236111462e-05,0.0004160019743721932,0.0002300390333402902,0.0
10.0,237,RMP,optimized,0.0005843679973622784,5.3499985369853675e-05,3.404001472517848e-05,0.0001254829840036109,0.00015087398060131818,0.00012819496623706073
10.0,238,RMP,baseline,0.0009272700117435306,4.5726061216555536e-05,4.148701555095613e-05,0.0003613210137700662,0.00013799498265143484,0.0
10.0,238,RMP,optimized,0.0005585360049735755,4.869898839388043e-05,2.907498856075108e-05,0.00012417402467690408,0.00015205105592031032,0.00011942398850806057
10.0,239,RMP,baseline,0.0011834030010504648,5.9270052588544786e-05,4.3956999434158206e-05,0.00047035304305609316,0.00019830596284009516,0.0
10.0,239,RMP,optimized,0.0005252059927443042,5.264903302304447e-05,2.647799556143582e-05,0.00012135198630858213,0.00013468896213453263,0.00011263399210292846
10.0,240,RMP,baseline,0.0009490399970673025,4.542598617263138e-05,3.114399441983551e-05,0.0003672409802675247,0.00014299100439529866,0.0
10.0,240,RMP,optimized,0.0004709469940280542,4.014695878140628e-05,2.5980014470405877e-05,0.00010777499119285494,0.00012418397818692029,0.00010147395369131118
10.0,241,RMP,baseline,0.00106835100450553,8.911496843211353e-05,3.6501995055004954e-05,0.0003988230164395645,0.00016206901636905968,0.0
10.0,241,RMP,optimized,0.0005183610046515241,5.2108007366769016e-05,3.0027993489056826e-05,0.00011892098700627685,0.00013540699728764594,0.00010936900798697025
10.0,242,RMP,baseline,0.0010765939950942993,4.849997640121728e-05,3.486697096377611e-05,0.00040413298120256513,0.000164367986144498,0.0
10.0,242,RMP,optimized,0.0005528010078705847,4.610496398527175e-05,3.0113005777820945e-05,0.00012161899940110743,0.0001497570046922192,0.00012558801972772926
10.0,243,RMP,baseline,0.0010638719977578148,5.8977981097996235e-05,3.593302972149104e-05,0.00041871098801493645,0.00016275799134746194,0.0
10.0,243,RMP,optimized,0.0005409970035543665,5.06409996887669e-05,2.6641966542229056e-05,0.0001187320303870365,0.0001374889543512836,0.0001290329673793167
10.0,244,RMP,baseline,0.0012505199993029237,5.272304406389594e-05,4.6620029024779797e-05,0.00041474901081528515,0.00019893697754014283,0.0
10.0,244,RMP,optimized,0.0005293610010994598,4.6097018639557064e-05,2.7716989279724658e-05,0.00012493699614424258,0.00013253399811219424,0.00011186499614268541
10.0,245,RMP,baseline,0.001165859997854568,6.012605444993824e-05,3.505998756736517e-05,0.0005000049859518185,0.00016746699111536145,0.0
10.0,245,RMP,optimized,0.0006178899930091575,5.580300057772547e-05,3.4657015930861235e-05,0.00014054100029170513,0.00016193900955840945,0.0001350199745502323
10.0,246,RMP,baseline,0.0011125309974886477,5.7186989579349756e-05,3.951594408135861e-05,0.00045091698120813817,0.00016614004562143236,0.0
10.0,246,RMP,optimized,0.0006756849907105789,4.76540153613314e-05,3.150598786305636e-05,0.00014530699991155416,0.00015009200433269143,0.0002090560010401532
10.0,247,RMP,baseline,0.0013899080076953396,7.28490122128278e-05,6.130602560006082e-05,0.000518958957400173,0.00023960295948199928,0.0
10.0,247,RMP,optimized,0.0007268449990078807,6.790799670852721e-05,5.7177006965503097e-05,0.000166255995281972,0.00017714101704768836,0.0001405779767083004
10.0,248,RMP,baseline,0.0009678729984443635,4.784304474014789e-05,3.301401739008725e-05,0.0003859029966406524,0.00014274100249167532,0.0
10.0,248,RMP,optimized,0.0004941429942846298,4.30379732279107e-05,2.6877009076997638e-05,0.00011366297258064151,0.0001333519467152655,0.00010623699927236885
10.0,249,RMP,baseline,0.0009091540123336017,5.1124035962857306e-05,2.927699824795127e-05,0.0003622340445872396,0.00013853897689841688,0.0
10.0,249,RMP,optimized,0.0004949130088789389,4.923697269987315e-05,2.550896897446364e-05,0.00011497900413814932,0.00012972501281183213,0.00010302197188138962
10.0,250,RMP,baseline,0.0010344189940951765,5.741498898714781e-05,4.3256048229523e-05,0.00038369202229660004,0.0001733060198603198,0.0
10.0,250,RMP,optimized,0.0005043989949626848,5.217001307755709e-05,2.638503792695701e-05,0.00011240600724704564,0.00013577498611994088,0.00011002502287738025
10.0,251,RMP,baseline,0.0009481520100962371,4.53180109616369e-05,3.188796108588576e-05,0.0003619390045059845,0.00013854599092155695,0.0
10.0,251,RMP,optimized,0.0005562940059462562,4.6438974095508456e-05,3.010404179804027e-05,0.00012391999189276248,0.00015105602506082505,0.00012074696132913232
10.0,252,RMP,baseline,0.0011995690001640469,6.65590341668576e-05,3.947998629882932e-05,0.00045973095984663814,0.00019356100528966635,0.0
10.0,252,RMP,optimized,0.00056744999892544,5.460499960463494e-05,3.496499266475439e-05,0.00012615301238838583,0.00015031002112664282,0.00011541898129507899
10.0,253,RMP,baseline,0.0009812279895413667,6.562705675605685e-05,3.88449989259243e-05,0.0003783479769481346,0.00014486402506008744,0.0
10.0,253,RMP,optimized,0.0004786249919561669,4.247493052389473e-05,2.5501009076833725e-05,0.00011192298552487046,0.0001240250130649656,0.00010441897029522806
10.0,254,RMP,baseline,0.0013582359970314428,6.673602911178023e-05,9.845098247751594e-05,0.0005393030005507171,0.00019503101066220552,0.0
10.0,254,RMP,optimized,0.0011363999947207049,8.214601257350296e-05,6.69679866405204e-05,0.00025074796576518565,0.0002839330554706976,0.0003077879810007289
10.0,255,RMP,baseline,0.0009618409967515618,4.653897485695779e-05,3.309700696263462e-05,0.00037717499071732163,0.00015227899712044746,0.0
10.0,255,RMP,optimized,0.0006876510014990345,4.774304397869855e-05,3.196900070179254e-05,0.00013132499589119107,0.000170441999216564,0.00012174704170320183
10.0,256,RMP,baseline,0.0009659589995862916,5.627301288768649e-05,3.188200935255736e-05,0.00037094597064424306,0.00014720096078235656,0.0
10.0,256,RMP,optimized,0.0005882229888811707,5.623001197818667e-05,3.082900366280228e-05,0.00012594001600518823,0.00016800404409877956,0.00012220001372043043
10.0,257,RMP,baseline,0.0009269439906347543,4.499500209931284e-05,3.051897510886192e-05,0.0003640359645942226,0.00014956803352106363,0.0
10.0,257,RMP,optimized,0.00048014699132181704,4.1058039641939104e-05,2.9224975151009858e-05,0.0001075740292435512,0.00012240599608048797,0.00010418197780381888
10.0,258,RMP,baseline,0.0013470230042003095,6.58140197629109e-05,4.9071983085013926e-05,0.0005106049939058721,0.00019336800323799253,0.0
10.0,258,RMP,optimized,0.0005113340012030676,5.2109971875324845e-05,2.54530314123258e-05,0.00011295102012809366,0.000134902962599881,0.00010735102114267647
10.0,259,RMP,baseline,0.0011424810072639957,5.0635047955438495e-05,3.6600002204068005e-05,0.00044362698099575937,0.00017805701645556837,0.0
10.0,259,RMP,optimized,0.0005154039972694591,4.552402242552489e-05,2.7414032956585288e-05,0.00012025803152937442,0.00013245201262179762,0.00011440500384196639
10.0,260,RMP,baseline,0.001096705993404612,6.0207952628843486e-05,3.666499105747789e-05,0.00040853300015442073,0.00016746303299441934,0.0
10.0,260,RMP,optimized,0.0005369330028770491,5.423498805612326e-05,3.037600254174322e-05,0.0001208800240419805,0.00014520699915010482,0.0001120359665947035
10.0,261,RMP,baseline,0.0008889500022633001,4.367898509372026e-05,3.0046998290345073e-05,0.00035238602140452713,0.00013289405615068972,0.0
10.0,261,RMP,optimized,0.00045151798985898495,3.952700353693217e-05,2.346601104363799e-05,0.00010438900790177286,0.00011719595931936055,9.795499499887228e-05
10.0,262,RMP,baseline,0.001836915995227173,7.392698898911476e-05,0.00010443506471347064,0.0006253220199141651,0.0002828619908541441,0.0
10.0,262,RMP,optimized,0.000982975005172193,6.904304609633982e-05,4.6101995394565165e-05,0.0002538709813961759,0.00026931101456284523,0.00017350002599414438
10.0,263,RMP,baseline,0.000956757998210378,4.609196912497282e-05,3.995897714048624e-05,0.0003792069910559803,0.0001383589842589572,0.0
10.0,263,RMP,optimized,0.0005215919954935089,4.309801443014294e-05,2.628898073453456e-05,0.00011347996769472957,0.0001304829929722473,0.00011109799379482865
10.0,264,RMP,baseline,0.0010508980049053207,5.558299017138779e-05,4.5209992094896734e-05,0.00040146001265384257,0.00016008401871658862,0.0
10.0,264,RMP,optimized,0.0005301940109347925,5.23560302099213e-05,2.715802111197263e-05,0.0001182750565931201,0.0001397339510731399,0.00011112599167972803
10.0,265,RMP,baseline,0.0009313599875895306,4.594599886331707e-05,3.017399285454303e-05,0.00036292607546783984,0.0001482150109950453,0.0
10.0,265,RMP,optimized,0.0005189810035517439,4.34939720435068e-05,2.795601903926581e-05,0.0001148109877249226,0.00013266399037092924,0.00012319597590249032
10.0,266,RMP,baseline,0.001006398000754416,5.4203992476686835e-05,3.2955053029581904e-05,0.0003665670083137229,0.00015078099386300892,0.0
10.0,266,RMP,optimized,0.0005900790129089728,5.316002352628857e-05,2.6721027097664773e-05,0.00011999698472209275,0.00014233695401344448,0.00012752096517942846
10.0,267,RMP,baseline,0.0009486950002610683,6.049100193195045e-05,3.139099862892181e-05,0.0003695229679578915,0.00014409104187507182,0.0
10.0,267,RMP,optimized,0.0005475759971886873,5.150500510353595e-05,2.785206015687436e-05,0.00011891996837221086,0.00014061399269849062,0.00012955597776453942
10.0,268,RMP,baseline,0.0013016330049140379,6.221403600648046e-05,5.797398625873029e-05,0.0004924329841742292,0.0002137410338036716,0.0
10.0,268,RMP,optimized,0.0007136329950299114,6.352897617034614e-05,3.9857011870481074e-05,0.00016621200484223664,0.00019306900503579527,0.00013727096666116267
10.0,269,RMP,baseline,0.0010333899990655482,5.517098179552704e-05,3.834899689536542e-05,0.00042026801384054124,0.0001521239901194349,0.0
10.0,269,RMP,optimized,0.000555452992557548,5.344595410861075e-05,3.721700340975076e-05,0.00012348999734967947,0.00014359800843521953,0.00011494199861772358
10.0,270,RMP,baseline,0.0013689639890799299,6.10679853707552e-05,4.6083994675427675e-05,0.0005685820069629699,0.00022191395692061633,0.0
10.0,270,RMP,optimized,0.0005875269998796284,4.677104880101979e-05,2.939798287115991e-05,0.00013587299326900393,0.00016313701053149998,0.00012320595851633698
10.0,271,RMP,baseline,0.0009617650066502392,5.699500616174191e-05,3.115201252512634e-05,0.00037198199424892664,0.00015183999494183809,0.0
10.0,271,RMP,optimized,0.000973611997324042,7.095199543982744e-05,4.716397961601615e-05,0.00026678199355956167,0.0002677680313354358,0.00017882700194604695
10.0,272,RMP,baseline,0.0012420310085872188,8.323202200699598e-05,4.069997521582991e-05,0.0004383729974506423,0.00028443700284697115,0.0
10.0,272,RMP,optimized,0.0006140199984656647,8.010101737454534e-05,3.198900958523154e-05,0.00013113103341311216,0.00016705301823094487,0.00012322301336098462
10.0,273,RMP,baseline,0.0011754360020859167,6.356701487675309e-05,4.2805972043424845e-05,0.0004949770082021132,0.000175408975337632,0.0
10.0,273,RMP,optimized,0.0005317250033840537,5.341804353520274e-05,2.6901980163529515e-05,0.00011367096158210188,0.0001373209961457178,0.00010787196515593678
10.0,274,RMP,baseline,0.0009762379922904074,4.545898991636932e-05,3.464600013103336e-05,0.0003945680073229596,0.00014356200699694455,0.0
10.0,274,RMP,optimized,0.0005300570046529174,4.3616004404611886e-05,2.767401747405529e-05,0.00012047303607687354,0.00013397299335338175,0.00012643697846215218
10.0,275,RMP,baseline,0.000960550009040162,5.287300155032426e-05,3.325902798678726e-05,0.0003518980374792591,0.00014830600412096828,0.0
10.0,275,RMP,optimized,0.0005903230048716068,5.157396662980318e-05,2.8631024179048836e-05,0.00012777098163496703,0.00014799003838561475,0.00014368003758136183
10.0,276,RMP,baseline,0.0012666859984165058,5.602400051429868e-05,4.230100603308529e-05,0.0004899520281469449,0.00022725301096215844,0.0
10.0,276,RMP,optimized,0.0006804540025768802,5.09790115756914e-05,3.289501182734966e-05,0.00015884300228208303,0.00020580801356118172,0.000127603008877486
10.0,277,RMP,baseline,0.0010492860019439831,6.123901403043419e-05,3.5806981031782925e-05,0.0004017020110040903,0.00015988700033631176,0.0
10.0,277,RMP,optimized,0.000870033007231541,5.487001908477396e-05,2.768196281976998e-05,0.00016107804549392313,0.00016149696602951735,0.0002935459924628958
10.0,278,RMP,baseline,0.001292278990149498,6.688896974083036e-05,7.177403313107789e-05,0.00047662398719694465,0.0002555660321377218,0.0
10.0,278,RMP,optimized,0.0005229800008237362,4.4693995732814074e-05,2.697597665246576e-05,0.00012286497803870589,0.00013331601803656667,0.00011491101759020239
10.0,279,RMP,baseline,0.0010680679988581687,5.782903463114053e-05,3.4597949706949294e-05,0.0004219410475343466,0.00016801097081042826,0.0
10.0,279,RMP,optimized,0.0004801860050065443,5.0287009798921645e-05,2.5551998987793922e-05,0.00010673397628124803,0.00012678801431320608,0.00010181395919062197
10.0,280,RMP,baseline,0.0010087440023198724,4.825896758120507e-05,3.484597255010158e-05,0.0003954499843530357,0.0001493479503551498,0.0
10.0,280,RMP,optimized,0.0004585190035868436,4.1709005017764866e-05,2.505001612007618e-05,0.00010597004438750446,0.0001177850499516353,0.00010097699123434722
10.0,281,RMP,baseline,0.0010338849970139563,4.825102223549038e-05,3.441701119299978e-05,0.0003946320211980492,0.0001574730413267389,0.0
10.0,281,RMP,optimized,0.0009093199914786965,7.3009985499084e-05,4.948901187162846e-05,0.00019890899420715868,0.00027272102306596935,0.0001763829932315275
10.0,282,RMP,baseline,0.0009964580094674602,4.593897028826177e-05,3.112597914878279e-05,0.0003999859618488699,0.0001416019949829206,0.0
10.0,282,RMP,optimized,0.0004971359885530546,5.010100721847266e-05,2.691202098503709e-05,0.00011064502177760005,0.00012646101822610945,0.00010940901120193303
10.0,283,RMP,baseline,0.0009468210046179593,4.6361994463950396e-05,3.661503433249891e-05,0.0003677309869090095,0.00013636697258334607,0.0
10.0,283,RMP,optimized,0.0004924340028082952,4.342901229392737e-05,2.7193993446417153e-05,0.00011332100257277489,0.0001251630310434848,0.00011196598643437028
10.0,284,RMP,baseline,0.0009433689992874861,4.582093970384449e-05,3.434302925597876e-05,0.00038000798667781055,0.0001388940290780738,0.0
10.0,284,RMP,optimized,0.0005436849896796048,4.2705010855570436e-05,2.810501609928906e-05,0.00011909603199455887,0.00013604099513031542,0.0001330330123892054
10.0,285,RMP,baseline,0.000962962003541179,4.554798942990601e-05,3.003596793860197e-05,0.0003932330146199092,0.00013787198986392468,0.0
10.0,285,RMP,optimized,0.0005255330033833161,4.434598668012768e-05,2.7494985261000693e-05,0.00012154200521763414,0.00013702199794352055,0.0001100010413210839
10.0,286,RMP,baseline,0.0010343939939048141,5.092995706945658e-05,3.560102777555585e-05,0.00041264099127147347,0.00015847395115997642,0.0
10.0,286,RMP,optimized,0.0007070779975038022,5.876099749002606e-05,3.3787990105338395e-05,0.00014425296103581786,0.00019940498168580234,0.0001535789342597127
10.0,287,RMP,baseline,0.001223633997142315,5.417403008323163e-05,7.004197686910629e-05,0.0004461120115593076,0.00018016199464909732,0.0
10.0,287,RMP,optimized,0.0006344580033328384,4.834697756450623e-05,3.387598553672433e-05,0.000150731997564435,0.00017785999807529151,0.0001247240143129602
10.0,288,RMP,baseline,0.0009927710052579641,4.725600592792034e-05,4.012299177702516e-05,0.00039464799920096993,0.0001509699650341645,0.0
10.0,288,RMP,optimized,0.0005579660064540803,4.642400017473847e-05,3.1010000384412706e-05,0.00012456299737095833,0.00013683398719877005,0.00011896500654984266
10.0,289,RMP,baseline,0.0009578120079822838,4.571001045405865e-05,3.199500497430563e-05,0.0003869030042551458,0.00014057301450520754,0.0
10.0,289,RMP,optimized,0.00046427399502135813,4.1028004488907754e-05,2.5196000933647156e-05,0.00010739298886619508,0.0001196469966089353,0.00010018495959229767
10.0,290,RMP,baseline,0.0012114889977965504,5.207002686802298e-05,4.0454004192724824e-05,0.0005145269824424759,0.00016945003881119192,0.0
10.0,290,RMP,optimized,0.0005768999981228262,4.947399429511279e-05,2.797500928863883e-05,0.00012697101919911802,0.0001431379932910204,0.0001175680517917499
10.0,291,RMP,baseline,0.000995454000076279,4.4418033212423325e-05,3.1491974368691444e-05,0.0004257319960743189,0.00013863500498700887,0.0
10.0,291,RMP,optimized,0.0004588979936670512,3.983797796536237e-05,3.018201095983386e-05,0.00010436800948809832,0.00011728701065294445,0.00010144397674594074
10.0,292,RMP,baseline,0.001448820999939926,5.358601629268378e-05,5.862598482053727e-05,0.000565053996979259,0.00022615998750552535,0.0
10.0,292,RMP,optimized,0.0009949119994416833,4.7221037675626576e-05,7.765000918880105e-05,0.00018617500609252602,0.0001668230106588453,0.0002493289939593524
10.0,293,RMP,baseline,0.001872284003184177,8.420801896136254e-05,6.722398393321782e-05,0.0007328249921556562,0.0002882090338971466,0.0
10.0,293,RMP,optimized,0.0007756069971946999,6.539298919960856e-05,4.470198473427445e-05,0.00018206899403594434,0.00020523800048977137,0.0001638089888729155
10.0,294,RMP,baseline,0.0010599859961075708,5.1745009841397405e-05,3.915399429388344e-05,0.0004147910076426342,0.00015752797480672598,0.0
10.0,294,RMP,optimized,0.0005469880125019699,4.39280120190233e-05,2.736196620389819e-05,0.0001286260230699554,0.00014055101200938225,0.00011281399929430336
10.0,295,RMP,baseline,0.002041190004092641,8.270800753962249e-05,7.444692892022431e-05,0.0007241139974212274,0.0003607569815358147,0.0
10.0,295,RMP,optimized,0.0012788930034730583,9.230096475221217e-05,7.419504981953651e-05,0.00028337301046121866,0.0003400559944566339,0.0002418720250716433
10.0,296,RMP,baseline,0.000967542000580579,4.8848974984139204e-05,3.200401260983199e-05,0.0003824910381808877,0.00014067596930544823,0.0
10.0,296,RMP,optimized,0.0005669009988196194,4.761102900374681e-05,3.669002035167068e-05,0.0001251989888260141,0.00014200402074493468,0.0001338239962933585
10.0,297,RMP,baseline,0.001439820000086911,7.776396523695439e-05,4.8664980567991734e-05,0.0005246429791441187,0.00026611202338244766,0.0
10.0,297,RMP,optimized,0.0007521850056946278,7.364200428128242e-05,3.824001760222018e-05,0.00020805405802093446,0.00017892102187033743,0.00013776894775219262
10.0,298,RMP,baseline,0.0012763230042764917,7.208299939520657e-05,6.469400250352919e-05,0.00046884601761121303,0.0002634850243339315,0.0
10.0,298,RMP,optimized,0.0006243590032681823,4.3423991883173585e-05,2.6919980882667005e-05,0.000204149037017487,0.00014969101175665855,0.00011111302592325956
10.0,299,RMP,baseline,0.0009979870083043352,4.855799488723278e-05,3.3589996746741235e-05,0.0003879229916492477,0.00014897498476784676,0.0
10.0,299,RMP,optimized,0.00048690200492274016,4.2938991100527346e-05,2.5557048502378166e-05,0.00011302801431156695,0.00012458102719392627,0.00010638301318977028
15.0,0,RMP,baseline,0.0012230040010763332,6.813097570557147e-05,3.799497790168971e-05,0.00044069901923649013,0.0002936539676738903,0.0
15.0,0,RMP,optimized,0.0005657559959217906,5.5653988965786994e-05,2.810500154737383e-05,0.00012298197543714195,0.00014460097008850425,0.0001324950426351279
15.0,1,RMP,baseline,0.0009420830028830096,4.515398177318275e-05,3.182303044013679e-05,0.00036618002923205495,0.00015354603237938136,0.0
15.0,1,RMP,optimized,0.000562032000743784,4.27899940405041e-05,3.881598240695894e-05,0.0001304839679505676,0.0001434139849152416,0.00011279799218755215
15.0,2,RMP,baseline,0.0014991040079621598,7.760003791190684e-05,7.828703382983804e-05,0.0005231350078247488,0.00032305899367202073,0.0
15.0,2,RMP,optimized,0.0008416120108449832,7.517401536460966e-05,8.83799948496744e-05,0.0001641539711272344,0.00018159304454457015,0.0001452320284442976
15.0,3,RMP,baseline,0.00098297800286673,4.722000448964536e-05,3.425798786338419e-05,0.0003930379753001034,0.0001497080083936453,0.0
15.0,3,RMP,optimized,0.00046790699707344174,4.229600017424673e-05,2.4846012820489705e-05,0.00010463499347679317,0.00012140096805524081,0.00010066997492685914
15.0,4,RMP,baseline,0.0011491070035845041,6.007400224916637e-05,3.9753998862579465e-05,0.00044532501487992704,0.00016466401575598866,0.0
15.0,4,RMP,optimized,0.0005644939956255257,7.108799763955176e-05,2.9058021027594805e-05,0.00012574702850542963,0.00013995896733831614,0.0001149050222011283
15.0,5,RMP,baseline,0.0009029170032590628,4.4874963350594044e-05,3.1638992368243635e-05,0.00035885498800780624,0.00013058901822660118,0.0
15.0,5,RMP,optimized,0.00048515100206714123,4.353298572823405e-05,2.6231005904264748e-05,0.00010917001054622233,0.00012450796202756464,0.00010817102156579494
15.0,6,RMP,baseline,0.0011684350029099733,6.003300950396806e-05,3.805296728387475e-05,0.0004900180065305904,0.00017718003073241562,0.0
15.0,6,RMP,optimized,0.0007030870037851855,5.923000571783632e-05,3.754097269847989e-05,0.00016046698146965355,0.00017789797857403755,0.00014950496552046388
15.0,7,RMP,baseline,0.0011230449890717864,4.9945039791055024e-05,3.627002297434956e-05,0.0004058269987581298,0.00016326199693139642,0.0
15.0,7,RMP,optimized,0.0005854119954165071,4.383301711641252e-05,2.817601489368826e-05,0.0001249550114152953,0.00013711702194996178,0.00016811498790048063
15.0,8,RMP,baseline,0.0011073639907408506,5.478800449054688e-05,3.8717014831490815e-05,0.00040582302608527243,0.0001516579941380769,0.0
15.0,8,RMP,optimized,0.0011754440056392923,9.804301953408867e-05,9.877797856461257e-05,0.0001982270332518965,0.0003831329959211871,0.00024225597735494375
15.0,9,RMP,baseline,0.0014220580051187426,5.901000986341387e-05,5.541201971936971e-05,0.0004985759878763929,0.00023037497885525227,0.0
15.0,9,RMP,optimized,0.0005421050009317696,4.24719910370186e-05,2.9249029466882348e-05,0.00012010903446935117,0.00013193405175115913,0.00012888001219835132
15.0,10,RMP,baseline,0.0010130599985131994,5.5719006923027337e-05,3.4393000532872975e-05,0.0004008410032838583,0.00015311800234485418,0.0
15.0,10,RMP,optimized,0.0006921589956618845,0.00011523104330990463,4.237200482748449e-05,0.00013664600555785,0.00015147702652029693,0.00013882896746508777
15.0,11,RMP,baseline,0.0013840549945598468,6.763402780052274e-05,4.7044974053278565e-05,0.0004910450661554933,0.00024563600891269743,0.0
15.0,11,RMP,optimized,0.0005736000020988286,4.7564011765643954e-05,2.6854017050936818e-05,0.00013696003588847816,0.00014532906061504036,0.00012359701213426888
15.0,12,RMP,baseline,0.0015164120122790337,7.380102761089802e-05,5.645299097523093e-05,0.0005459789972519502,0.00027199099713470787,0.0
15.0,12,RMP,optimized,0.0005492709897225723,5.436703213490546e-05,2.8110021958127618e-05,0.00012575701111927629,0.00014337502943817526,0.0001154420169768855
15.0,13,RMP,baseline,0.0011145600001327693,5.077198147773743e-05,4.2261002818122506e-05,0.0004098299687029794,0.0002367049892200157,0.0
15.0,13,RMP,optimized,0.00047397500020451844,4.1260995203629136e-05,2.4464010493829846e-05,0.00010768398351501673,0.00012087899085599929,0.00010477101022843271
15.0,14,RMP,baseline,0.0013354230031836778,6.207199476193637e-05,4.00389835704118e-05,0.000568009985727258,0.00018999501480720937,0.0
15.0,14,RMP,optimized,0.0005487929884111509,5.372900341171771e-05,2.87249858956784e-05,0.00011834298493340611,0.00015900497965048999,0.00011284198262728751
15.0,15,RMP,baseline,0.0010660380066838115,6.299001688603312e-05,3.606798418331891e-05,0.00043342699063941836,0.00015104400517884642,0.0
15.0,15,RMP,optimized,0.0010483529913472012,9.386400051880628e-05,6.257000495679677e-05,0.0002123960293829441,0.00033089298813138157,0.00019506498938426375
15.0,16,RMP,baseline,0.0012648749980144203,5.8106990763917565e-05,3.757998638320714e-05,0.0005698099848814309,0.00017170699720736593,0.0
15.0,16,RMP,optimized,0.0009710189915494993,7.887298124842346e-05,9.439093992114067e-05,0.0002075029769912362,0.00023096200311556458,0.0002081780112348497
15.0,17,RMP,baseline,0.0010358709987485781,4.941705265082419e-05,3.572103742044419e-05,0.0003996749874204397,0.00015906699991319329,0.0
15.0,17,RMP,optimized,0.00047395299770869315,4.1161023546010256e-05,2.4361987016163766e-05,0.00010663403372745961,0.00012261999654583633,0.00010287600161973387
15.0,18,RMP,baseline,0.0009912759996950626,5.329999839887023e-05,3.61359998350963e-05,0.0003933360130758956,0.00014853401808068156,0.0
15.0,18,RMP,optimized,0.0010596750071272254,0.00010587899305392057,4.667400207836181e-05,0.00018459399871062487,0.00029414902382995933,0.0001973599719349295
15.0,19,RMP,baseline,0.001121285997214727,5.233501724433154e-05,4.0875980630517006e-05,0.0004730149812530726,0.00015801601693965495,0.0
15.0,19,RMP,optimized,0.00046489200030919164,4.0794999222271144e-05,2.5033019483089447e-05,0.00010608798766043037,0.00012039400462526828,0.0001005649974104017
15.0,20,RMP,baseline,0.0009618669864721596,5.168197094462812e-05,2.9628994525410235e-05,0.0003783040010603145,0.00014248302613850683,0.0
15.0,20,RMP,optimized,0.0005381140072131529,5.22980117239058e-05,2.8237016522325575e-05,0.00011521196574904025,0.00013837496226187795,0.00012266001431271434
15.0,21,RMP,baseline,0.0010572569881333038,5.3078983910381794e-05,3.724500129465014e-05,0.0004153440095251426,0.00016147801943589002,0.0
15.0,21,RMP,optimized,0.0005307959945639595,4.508801794145256e-05,2.82109685940668e-05,0.00011734901636373252,0.0001496069598942995,0.00011311804701108485
15.0,22,RMP,baseline,0.0016649269964545965,6.500500603578985e-05,5.463096022140235e-05,0.000490257007186301,0.00047958495269995183,0.0
15.0,22,RMP,optimized,0.0007516680052503943,7.510599971283227e-05,3.717002982739359e-05,0.00015299201186280698,0.00020876798953395337,0.00013886098167859018
15.0,23,RMP,baseline,0.0010210150066995993,4.580900713335723e-05,3.389897756278515e-05,0.00038777398003730923,0.00015361205441877246,0.0
15.0,23,RMP,optimized,0.0005252409901004285,4.588202864397317e-05,2.8991038561798632e-05,0.0001216560194734484,0.0001351020036963746,0.0001164569694083184
15.0,24,RMP,baseline,0.0010374639969086275,5.946200690232217e-05,3.966299118474126e-05,0.0003969370009144768,0.00017402699450030923,0.0
15.0,24,RMP,optimized,0.0006885089969728142,9.676499757915735e-05,4.271298530511558e-05,0.00014978402759879827,0.00015899495338089764,0.00014153898518998176
15.0,25,RMP,baseline,0.0008879469969542697,4.3980966438539326e-05,2.9224043828435242e-05,0.00035394696169532835,0.0001273139932891354,0.0
15.0,25,RMP,optimized,0.0005049049941590056,4.277598054613918e-05,2.5012981495819986e-05,0.00011133603402413428,0.00012389104813337326,0.0001091279846150428
15.0,26,RMP,baseline,0.0011126230092486367,5.7694982388056815e-05,3.8129015592858195e-05,0.00041305598278995603,0.00018254901806358248,0.0
15.0,26,RMP,optimized,0.0005448189913295209,5.331900320015848e-05,2.7521004085429013e-05,0.00011882597755175084,0.00014355601160787046,0.00011402195377741009
15.0,27,RMP,baseline,0.000988082989351824,4.5320994104258716e-05,3.248800931032747e-05,0.000398522024624981,0.00015830801567062736,0.0
15.0,27,RMP,optimized,0.0005112110084155574,4.2636049329303205e-05,2.943203435279429e-05,0.00011470401659607887,0.00014189403736963868,0.00011085397272836417
15.0,28,RMP,baseline,0.0010716190008679405,5.512703501153737e-05,5.4728981922380626e-05,0.00037643300311174244,0.0001526959822513163,0.0
15.0,28,RMP,optimized,0.0005550920031964779,5.3934025345370173e-05,3.0080016585998237e-05,0.00012351799523457885,0.00014317702152766287,0.00010896904859691858
15.0,29,RMP,baseline,0.0010887270036619157,4.901601641904563e-05,3.782699059229344e-05,0.0004486830293899402,0.00015103600162547082,0.0
15.0,29,RMP,optimized,0.0006061609892640263,4.898000042885542e-05,3.039800503756851e-05,0.0001382469927193597,0.00015106900536920875,0.00013668798783328384
15.0,30,RMP,baseline,0.0009892300004139543,5.4779971833340824e-05,3.4062031772919e-05,0.00038139802927616984,0.00015448899648617953,0.0
15.0,30,RMP,optimized,0.0004906660033157095,4.905994865112007e-05,2.4681008653715253e-05,0.00010974699398502707,0.00012920504377689213,0.00010565997217781842
15.0,31,RMP,baseline,0.0012822639982914552,5.987701297271997e-05,4.9038048018701375e-05,0.00045714298903476447,0.00023724698985461146,0.0
15.0,31,RMP,optimized,0.0005758500046795234,4.408899985719472e-05,2.8283990104682744e-05,0.0001568999869050458,0.00014661901514045894,0.0001147090079030022
15.0,32,RMP,baseline,0.0009491800010437146,6.490301166195422e-05,3.284799458924681e-05,0.0003670550067909062,0.00014204900071490556,0.0
15.0,32,RMP,optimized,0.0005277550080791116,6.251002196222544e-05,2.781000512186438e-05,0.00012000196147710085,0.00013305299216881394,0.00010899001790676266
15.0,33,RMP,baseline,0.0009301120007876307,4.506504046730697e-05,3.6222016206011176e-05,0.00036408999585546553,0.00014584301970899105,0.0
15.0,33,RMP,optimized,0.000514839994139038,4.4442000216804445e-05,2.757002948783338e-05,0.00011495001672301441,0.00014240999007597566,0.00010997100616805255
15.0,34,RMP,baseline,0.0010622760019032285,5.7496014051139355e-05,5.019102536607534e-05,0.0004085359978489578,0.0001769190130289644,0.0
15.0,34,RMP,optimized,0.000527600001078099,5.131699435878545e-05,2.6726993382908404e-05,0.00012311697355471551,0.00013726398174185306,0.00010876501619350165
15.0,35,RMP,baseline,0.0009071639942703769,4.522399103734642e-05,2.9444010579027236e-05,0.00036168198857922107,0.00013293098891153932,0.0
15.0,35,RMP,optimized,0.0004596819926518947,4.144503327552229e-05,2.400099765509367e-05,0.0001046180259436369,0.00011847101268358529,0.00010215897054877132
15.0,36,RMP,baseline,0.0009198140032822266,5.4559975978918374e-05,3.4627970308065414e-05,0.0003592369903344661,0.0001389960088999942,0.0
15.0,36,RMP,optimized,0.000546634997590445,5.2853996749036014e-05,2.7279980713501573e-05,0.00012363199493847787,0.0001427119568688795,0.00010683102300390601
15.0,37,RMP,baseline,0.0010112259915331379,4.674600495491177e-05,3.365098382346332e-05,0.0004140259843552485,0.0001442729844711721,0.0
15.0,37,RMP,optimized,0.0005512310017365962,4.50120132882148e-05,2.991300425492227e-05,0.00012438397970981896,0.00014424901746679097,0.00011422796524129808
15.0,38,RMP,baseline,0.00200063300144393,0.000122204000945203,9.63230268098414e-05,0.000573235985939391,0.00045700899499934167,0.0
15.0,38,RMP,optimized,0.000738768998417072,6.120896432548761e-05,0.00012195900490041822,0.00014795699098613113,0.00016360898735001683,0.00014015601482242346
15.0,39,RMP,baseline,0.00107880900031887,5.332803993951529e-05,3.851695510093123e-05,0.0004238279507262632,0.00018367900338489562,0.0
15.0,39,RMP,optimized,0.00048670900287106633,4.196603549644351e-05,2.5439992896281183e-05,0.00011361097858753055,0.00012960797175765038,0.00010570201266091317
15.0,40,RMP,baseline,0.000944429004448466,5.385999975260347e-05,3.0736002372577786e-05,0.0003721389948623255,0.00014214297698345035,0.0
15.0,40,RMP,optimized,0.0004645040025934577,4.90190286654979e-05,2.4339984520338476e-05,0.00010115798795595765,0.0001241950085386634,0.00010004897194448858
15.0,41,RMP,baseline,0.0017486830038251355,7.864704821258783e-05,6.248198042158037e-05,0.0006520099850604311,0.00032682497112546116,0.0
15.0,41,RMP,optimized,0.0007997799984877929,6.088502414058894e-05,3.590996493585408e-05,0.0001745870104059577,0.00022401497699320316,0.00015734299086034298
15.0,42,RMP,baseline,0.0009953959961421788,5.563297600019723e-05,3.301299875602126e-05,0.0003883569734171033,0.00015168498794082552,0.0
15.0,42,RMP,optimized,0.0005092000064905733,5.0516973715275526e-05,3.5226024920120835e-05,0.00010942501830868423,0.00012986198998987675,0.00010247601312585175
15.0,43,RMP,baseline,0.0011742500064428896,5.821396189276129e-05,5.439700908027589e-05,0.0004487879923544824,0.00018192996503785253,0.0
15.0,43,RMP,optimized,0.0007274910021806136,5.706999218091369e-05,3.612697764765471e-05,0.00015037799312267452,0.00016581398085691035,0.00012691495066974312
15.0,44,RMP,baseline,0.0009304270060965791,5.2665986004285514e-05,3.5734978155232966e-05,0.00036507597542367876,0.00014221698802430183,0.0
15.0,44,RMP,optimized,0.0005219260056037456,5.214006523601711e-05,2.7429981855675578e-05,0.0001148690062109381,0.0001488279813202098,0.00010776999988593161
15.0,45,RMP,baseline,0.0027360100066289306,9.679597860667855e-05,9.131802653428167e-05,0.0013981099473312497,0.0004607870214385912,0.0
15.0,45,RMP,optimized,0.0008129630004987121,7.372793334070593e-05,4.195299698039889e-05,0.00018557297880761325,0.0002323350345250219,0.0001653570361668244
15.0,46,RMP,baseline,0.0009467689960729331,5.4141011787578464e-05,3.2562995329499245e-05,0.0003662240051198751,0.00015698600327596068,0.0
15.0,46,RMP,optimized,0.0004711130022769794,4.897097824141383e-05,2.4491004296578467e-05,0.00010298100824002177,0.00012809196778107435,0.0001002149801934138
15.0,47,RMP,baseline,0.0010492919973330572,6.361701525747776e-05,5.5451964726671576e-05,0.000396686969907023,0.0001504259998910129,0.0
15.0,47,RMP,optimized,0.0004967599961673841,4.17349801864475e-05,4.0591025026515126e-05,0.00010844398639164865,0.0001241599820787087,0.0001036869507515803
15.0,48,RMP,baseline,0.0011676520080072805,7.150399324018508e-05,4.0494982386007905e-05,0.0004245800373610109,0.0001740720181260258,0.0
15.0,48,RMP,optimized,0.0008761280041653663,7.047303370200098e-05,4.510299186222255e-05,0.00020117801614105701,0.0002538740081945434,0.00018326401186641306
15.0,49,RMP,baseline,0.0009372200001962483,4.5096021494828165e-05,3.289700543973595e-05,0.0003825049934675917,0.00013795698760077357,0.0
15.0,49,RMP,optimized,0.0005011719913454726,4.049300332553685e-05,2.5015018763951957e-05,0.00011221898603253067,0.00012293197505641729,0.00011894600174855441
15.0,50,RMP,baseline,0.0009668500133557245,5.6401026085950434e-05,3.0343988328240812e-05,0.0003724719863384962,0.00016136199701577425,0.0
15.0,50,RMP,optimized,0.00047743800678290427,4.982798418495804e-05,2.4607041268609464e-05,0.00010555602784734219,0.00012712601164821535,0.00010218701208941638
15.0,51,RMP,baseline,0.0010341640008846298,4.6778994146734476e-05,3.302600816823542e-05,0.0003769489994738251,0.00016280595446005464,0.0
15.0,51,RMP,optimized,0.0005300240009091794,4.619899846147746e-05,2.8707028832286596e-05,0.00012442101433407515,0.00013686003512702882,0.00011484701826702803
15.0,52,RMP,baseline,0.0010518530034460127,5.7136028772220016e-05,3.482098691165447e-05,0.0004138959920965135,0.00016232904454227537,0.0
15.0,52,RMP,optimized,0.0005501039995579049,5.22270129295066e-05,3.157395985908806e-05,0.00012069598597008735,0.00013894899166189134,0.00011530601477716118
15.0,53,RMP,baseline,0.0010461439960636199,5.0320057198405266e-05,5.360899376682937e-05,0.0003993310092482716,0.00015027695917524397,0.0
15.0,53,RMP,optimized,0.0005838409997522831,4.5787994167767465e-05,2.9472008463926613e-05,0.00013169202429708093,0.0001478409831179306,0.00013730600767303258
15.0,54,RMP,baseline,0.0014742229977855459,0.00011377097689546645,5.893998604733497e-05,0.0005434910126496106,0.0002567389892647043,0.0
15.0,54,RMP,optimized,0.0005907510058023036,5.898997187614441e-05,2.9385002562776208e-05,0.00013094999303575605,0.00015689599968027323,0.0001236530370078981
15.0,55,RMP,baseline,0.000976837007328868,4.457798786461353e-05,3.3106000046245754e-05,0.00040857800922822207,0.00014278297021519393,0.0
15.0,55,RMP,optimized,0.000486515011289157,4.051097494084388e-05,2.3954984499141574e-05,0.00010760498116724193,0.00013090598804410547,0.00010195298818871379
15.0,56,RMP,baseline,0.0010195770009886473,4.813999112229794e-05,3.992405254393816e-05,0.0004122380050830543,0.00016202604456339031,0.0
15.0,56,RMP,optimized,0.0005318430048646405,4.199998511467129e-05,2.6310968678444624e-05,0.00011726093362085521,0.0001284149766433984,0.00012425002933014184
15.0,57,RMP,baseline,0.0009414520027348772,5.250200047157705e-05,3.156399179715663e-05,0.00036262495268601924,0.00014709103561472148,0.0
15.0,57,RMP,optimized,0.0005266520020086318,4.898299812339246e-05,3.072098479606211e-05,0.00012113404227420688,0.00013595899508800358,0.00010578897490631789
15.0,58,RMP,baseline,0.0011483330017654225,5.5376964155584574e-05,3.810597991105169e-05,0.0004313040117267519,0.00020524000865407288,0.0
15.0,58,RMP,optimized,0.0006034149992046878,8.633494144305587e-05,3.1589981517754495e-05,0.00012853302177973092,0.00014478999946732074,0.00012105499627068639
15.0,59,RMP,baseline,0.0011021480022463948,5.716503073927015e-05,4.98870067531243e-05,0.00041869001870509237,0.00018135896243620664,0.0
15.0,59,RMP,optimized,0.000509346995386295,4.28680214099586e-05,2.733497240114957e-05,0.00011794199235737324,0.00013391498941928148,0.00010884802031796426
15.0,60,RMP,baseline,0.0009492800018051639,6.535100692417473e-05,3.704601840581745e-05,0.0003618729824665934,0.00014288602687884122,0.0
15.0,60,RMP,optimized,0.0005392169987317175,5.2566974773071706e-05,2.8597991331480443e-05,0.0001303830067627132,0.00014289497630670667,0.00011178497516084462
15.0,61,RMP,baseline,0.0009170459961751476,4.50670049758628e-05,3.066103090532124e-05,0.00036594898847397417,0.00013533099263440818,0.0
15.0,61,RMP,optimized,0.0005773459997726604,4.334298137109727e-05,2.828901051543653e-05,0.00012954695557709783,0.00014725100481882691,0.0001407599775120616
15.0,62,RMP,baseline,0.0010304489987902343,4.75759879918769e-05,3.5197997931391e-05,0.0004061900108354166,0.00015848995826672763,0.0
15.0,62,RMP,optimized,0.0004775629931828007,4.150102904532105e-05,3.445602487772703e-05,0.00010663799184840173,0.00012106298527214676,0.00010301099973730743
15.0,63,RMP,baseline,0.0011814750032499433,6.373200449161232e-05,5.521099956240505e-05,0.0004564830014714971,0.00018529599765315652,0.0
15.0,63,RMP,optimized,0.000591436997638084,5.40990149602294e-05,2.677299198694527e-05,0.00014097295934334397,0.00015160995826590806,0.000135216920170933
15.0,64,RMP,baseline,0.0009764260030351579,4.661099228542298e-05,3.229099093005061e-05,0.00040680500387679785,0.00013924000086262822,0.0
15.0,64,RMP,optimized,0.0004579980013659224,3.9510021451860666e-05,2.3784974473528564e-05,0.00010690798808354884,0.00011714296124409884,0.00010135404590982944
15.0,65,RMP,baseline,0.0016208680026466027,6.466401100624353e-05,8.121298742480576e-05,0.0005609360378002748,0.00023800696362741292,0.0
15.0,65,RMP,optimized,0.000549586009583436,4.590398748405278e-05,2.9346978408284485e-05,0.00012799198157154024,0.00014849501894786954,0.00011627799540292472
15.0,66,RMP,baseline,0.0014029309968464077,8.769701526034623e-05,5.251096445135772e-05,0.0005988939956296235,0.0002081289712805301,0.0
15.0,66,RMP,optimized,0.0005965439922874793,5.7425000704824924e-05,2.9573988285847008e-05,0.0001412909768987447,0.00015414993686135858,0.00012119801249355078
15.0,67,RMP,baseline,0.0009280980011681095,4.46049525635317e-05,3.204506356269121e-05,0.0003732119657797739,0.00013413099804893136,0.0
15.0,67,RMP,optimized,0.0004971129965269938,4.73369873361662e-05,2.6735011488199234e-05,0.00010723300511017442,0.00012061503366567194,0.00011391701991669834
15.0,68,RMP,baseline,0.0009723039984237403,5.478596722241491e-05,3.087802906520665e-05,0.00036664500657934695,0.00015139700553845614,0.0
15.0,68,RMP,optimized,0.0008847809949656948,7.375898712780327e-05,8.05679737823084e-05,0.0001739189901854843,0.00023386198154184967,0.00016503201914019883
15.0,69,RMP,baseline,0.00101927800278645,5.554298695642501e-05,6.003303860779852e-05,0.0003818719560513273,0.00015247002011165023,0.0
15.0,69,RMP,optimized,0.00048605501069687307,4.889097181148827e-05,2.4566994397901e-05,0.0001079579524230212,0.00012657197657972574,0.00010276000830344856
15.0,70,RMP,baseline,0.0010859579924726859,4.7619963879697025e-05,3.763202403206378e-05,0.00041727103234734386,0.00016975903417915106,0.0
15.0,70,RMP,optimized,0.0005452269979286939,4.4955959310755134e-05,2.8018010198138654e-05,0.00013091701839584857,0.00013858400052413344,0.00011790897406172007
15.0,71,RMP,baseline,0.0009737469954416156,4.738199640996754e-05,3.322098928038031e-05,0.00039435597136616707,0.0001438390027033165,0.0
15.0,71,RMP,optimized,0.0005947969912085682,4.754497786052525e-05,3.1482966733165085e-05,0.00012696001795120537,0.0001556189963594079,0.00012497800344135612
15.0,72,RMP,baseline,0.0009869089990388602,5.230696115177125e-05,3.341992851346731e-05,0.00038886502443347126,0.00015063602768350393,0.0
15.0,72,RMP,optimized,0.0005181680025998503,4.1395018342882395e-05,2.6450026780366898e-05,0.00013536801270674914,0.00013279497215989977,0.0001057909830706194
15.0,73,RMP,baseline,0.0009958619921235368,4.823900235351175e-05,3.297996590845287e-05,0.0004037799808429554,0.00014547197497449815,0.0
15.0,73,RMP,optimized,0.0005751930002588779,4.6002998715266585e-05,2.945699088741094e-05,0.0001550640445202589,0.00014289398677647114,0.00011687494406942278
15.0,74,RMP,baseline,0.001857593990280293,6.319500971585512e-05,0.00010483301593922079,0.0007180049433372915,0.00027449597837403417,0.0
15.0,74,RMP,optimized,0.000745940997148864,4.8322981456294656e-05,3.6806988646276295e-05,0.00019019600586034358,0.00020918600785080343,0.00015997198352124542
15.0,75,RMP,baseline,0.0009112819971051067,4.3454012484289706e-05,3.025999467354268e-05,0.00035282305907458067,0.00013707797916140407,0.0
15.0,75,RMP,optimized,0.0004749140061903745,4.15370159316808e-05,2.6465029804967344e-05,0.00010729800851549953,0.00012247299309819937,0.00010186401777900755
15.0,76,RMP,baseline,0.0010266400058753788,4.707400512415916e-05,3.832898801192641e-05,0.0003984200011473149,0.00016758200945332646,0.0
15.0,76,RMP,optimized,0.0005816959892399609,5.9171958127990365e-05,3.077099972870201e-05,0.0001338720030616969,0.00013822400069329888,0.00013152597239241004
15.0,77,RMP,baseline,0.0010877979948418215,4.87130309920758e-05,3.597296017687768e-05,0.0004208719910820946,0.00017484003910794854,0.0
15.0,77,RMP,optimized,0.0010757029958767816,0.0001256300020031631,9.984798089135438e-05,0.00021564103371929377,0.0002340439532417804,0.00022947898833081126
15.0,78,RMP,baseline,0.0009070290107047185,4.5173001126386225e-05,3.1040035537444055e-05,0.0003667039854917675,0.00013169199519325048,0.0
15.0,78,RMP,optimized,0.0005151200020918623,4.217900277581066e-05,2.717004099395126e-05,0.00011565400927793235,0.00012842101568821818,0.00012037601845804602
15.0,79,RMP,baseline,0.0010306620097253472,4.9124995712190866e-05,3.980402834713459e-05,0.0003993999562226236,0.00016143498942255974,0.0
15.0,79,RMP,optimized,0.0005216830031713471,4.4410015107132494e-05,2.7590998797677457e-05,0.00011774599261116236,0.0001344840129604563,0.00010703601583372802
15.0,80,RMP,baseline,0.0009772490011528134,4.769898077938706e-05,3.3903008443303406e-05,0.0003823620354523882,0.0001566349674249068,0.0
15.0,80,RMP,optimized,0.0006704669940518215,6.350097828544676e-05,3.715898492373526e-05,0.00014220696175470948,0.00018756798817776144,0.0001457270118407905
15.0,81,RMP,baseline,0.0008841399976518005,4.329303919803351e-05,2.9986011213622987e-05,0.00035576295340433717,0.00012903101742267609,0.0
15.0,81,RMP,optimized,0.0004932459996780381,4.0615981561131775e-05,2.513101208023727e-05,0.00011992597137577832,0.00012733397306874394,0.00010289900819770992
15.0,82,RMP,baseline,0.000948742002947256,4.499696660786867e-05,3.408598422538489e-05,0.00039321502845268697,0.00013620704703498632,0.0
15.0,82,RMP,optimized,0.0005737140018027276,4.47570055257529e-05,2.9400995117612183e-05,0.00012496599811129272,0.00014875203487463295,0.00013903701619710773
15.0,83,RMP,baseline,0.0009367629972985014,4.312596865929663e-05,2.995300746988505e-05,0.00035741801548283547,0.00014267298683989793,0.0
15.0,83,RMP,optimized,0.0004908080009045079,4.285101022105664e-05,2.579401188995689e-05,0.00011714900028891861,0.0001247040054295212,0.00010516498878132552
15.0,84,RMP,baseline,0.0009182399953715503,4.4558997615240514e-05,4.718196578323841e-05,0.00035846501123160124,0.00013157902867533267,0.0
15.0,84,RMP,optimized,0.0005801649967906997,7.226098387036473e-05,3.179101622663438e-05,0.00012710297596640885,0.00013289699563756585,0.00011903599079232663
15.0,85,RMP,baseline,0.0016920820053201169,0.00011069099127780646,6.38930214336142e-05,0.0007041520002530888,0.0002294790028827265,0.0
15.0,85,RMP,optimized,0.0006526340002892539,5.259802856016904e-05,4.9878013669513166e-05,0.00014996303070802242,0.00016421997861471027,0.00013620297249872237
15.0,86,RMP,baseline,0.00104807699972298,4.740098665934056e-05,5.7730969274416566e-05,0.00041113398037850857,0.00015182500646915287,0.0
15.0,86,RMP,optimized,0.0004983700055163354,4.101198283024132e-05,2.536099054850638e-05,0.00011252798140048981,0.00012366600276436657,0.00010875002772081643
15.0,87,RMP,baseline,0.0013611869944725186,6.595499871764332e-05,5.226800567470491e-05,0.000505928008351475,0.00023913499899208546,0.0
15.0,87,RMP,optimized,0.0005091310013085604,4.3604974052868783e-05,2.784999378491193e-05,0.0001169089664472267,0.00013164403208065778,0.00010938297782558948
15.0,88,RMP,baseline,0.0009394919907208532,4.523099050857127e-05,3.2311989343725145e-05,0.0003650799917522818,0.00013935398601461202,0.0
15.0,88,RMP,optimized,0.0004616270016413182,4.000299668405205e-05,2.412503818050027e-05,0.00010326797200832516,0.00011877900396939367,9.97749884845689e-05
15.0,89,RMP,baseline,0.0010582300019450486,4.713298403657973e-05,4.038201586809009e-05,0.0004068500275025144,0.00015391399210784584,0.0
15.0,89,RMP,optimized,0.0008367889968212694,6.872700760141015e-05,4.435898154042661e-05,0.00016937499458435923,0.00027543699252419174,0.00015771501057315618
15.0,90,RMP,baseline,0.0009430869977222756,4.537800850812346e-05,3.2642026781104505e-05,0.00036259801709093153,0.0001377549924654886,0.0
15.0,90,RMP,optimized,0.0004944069951307029,4.16729599237442e-05,2.7048008632846177e-05,0.0001131369499489665,0.0001244620216311887,0.00011697100126184523
15.0,91,RMP,baseline,0.0008879259985405952,4.403899947647005e-05,2.92859913315624e-05,0.0003533979906933382,0.00012942295870743692,0.0
15.0,91,RMP,optimized,0.001005259997327812,8.310699195135385e-05,5.0516973715275526e-05,0.00019524499657563865,0.0003248449938837439,0.0001883599761640653
15.0,92,RMP,baseline,0.0012333039921941236,6.654998287558556e-05,4.453001020010561e-05,0.0004614149947883561,0.00024010603374335915,0.0
15.0,92,RMP,optimized,0.0005164559988770634,4.3252992327325046e-05,2.7122005121782422e-05,0.0001194270298583433,0.0001262339937966317,0.00011050999455619603
15.0,93,RMP,baseline,0.001051146988174878,4.661102138925344e-05,3.61270213034004e-05,0.00042111199581995606,0.0001596879883436486,0.0
15.0,93,RMP,optimized,0.0005079910042695701,4.11100045312196e-05,3.366702003404498e-05,0.0001218459801748395,0.00012410497583914548,0.00010749600187409669
15.0,94,RMP,baseline,0.0011768510012188926,5.14060229761526e-05,4.177502705715597e-05,0.0004815969878109172,0.00017730597755871713,0.0
15.0,94,RMP,optimized,0.0007554980111308396,4.9510999815538526e-05,4.419100878294557e-05,0.00014823395758867264,0.00025516501045785844,0.00015033500676508993
15.0,95,RMP,baseline,0.000979894000920467,5.265302024781704e-05,6.041501183062792e-05,0.0003746749716810882,0.00014443900727201253,0.0
15.0,95,RMP,optimized,0.0005760940111940727,4.396201984491199e-05,2.8259004466235638e-05,0.0001415759907104075,0.0001438810140825808,0.00011387301492504776
15.0,96,RMP,baseline,0.0012605769879883155,5.635803972836584e-05,4.0817001718096435e-05,0.00047075604379642755,0.00023019003856461495,0.0
15.0,96,RMP,optimized,0.00047345600614789873,4.0619997889734805e-05,2.5341985747218132e-05,0.0001056969485944137,0.00012303497351240367,0.0001011349813779816
15.0,97,RMP,baseline,0.001022405005642213,5.1079055992886424e-05,3.7214005715213716e-05,0.00040127999091055244,0.0001631780614843592,0.0
15.0,97,RMP,optimized,0.0005270090041449293,4.578608786687255e-05,2.6891022571362555e-05,0.00011808698764070868,0.00013683699944522232,0.00011052799527533352
15.0,98,RMP,baseline,0.0009149269899353385,4.5240987674333155e-05,3.138900501653552e-05,0.000365505984518677,0.00013474398292601109,0.0
15.0,98,RMP,optimized,0.00047513000026810914,4.09090134780854e-05,3.130997356493026e-05,0.00010488902626093477,0.00012019503628835082,0.0001028600090648979
15.0,99,RMP,baseline,0.0012077510036760941,5.5141994380392134e-05,3.946198557969183e-05,0.0004896919999737293,0.00019465699733700603,0.0
15.0,99,RMP,optimized,0.0005593509995378554,4.4020998757332563e-05,2.6941983378492296e-05,0.0001524629769846797,0.0001403190108248964,0.00011414100299589336
15.0,100,RMP,baseline,0.0011198279971722513,5.0565009587444365e-05,5.117397813592106e-05,0.00040900199383031577,0.00021844198636244982,0.0
15.0,100,RMP,optimized,0.00046371899952646345,3.981997724622488e-05,2.4743974790908396e-05,0.00010683196887839586,0.00011902400001417845,9.997101733461022e-05
15.0,101,RMP,baseline,0.0010361669992562383,6.148501415736973e-05,3.495298733469099e-05,0.00039787404239177704,0.00015503099712077528,0.0
15.0,101,RMP,optimized,0.0005378899950301275,5.019101081416011e-05,2.848698932211846e-05,0.00011988497863058001,0.00013988296268507838,0.00011687399819493294
15.0,102,RMP,baseline,0.0009469009964959696,4.547099524643272e-05,2.99830426229164e-05,0.00037494800926651806,0.00015242595691233873,0.0
15.0,102,RMP,optimized,0.00044915299804415554,4.0713013731874526e-05,2.446699363645166e-05,0.00010266200115438551,0.00011710802209563553,9.879200661089271e-05
15.0,103,RMP,baseline,0.0009675180044723675,6.35099713690579e-05,3.4501004847697914e-05,0.00037181998777668923,0.00014500899123959243,0.0
15.0,103,RMP,optimized,0.0006301899993559346,5.322899960447103e-05,4.601900582201779e-05,0.0001329659717157483,0.00014635802654083818,0.00015554597484879196
15.0,104,RMP,baseline,0.0010162520047742873,4.6527013182640076e-05,3.916399145964533e-05,0.0003983770002378151,0.00014851299056317657,0.0
15.0,104,RMP,optimized,0.0005064629949629307,4.396001168061048e-05,2.668204251676798e-05,0.00011690596875268966,0.00012885405158158392,0.00011538900434970856
15.0,105,RMP,baseline,0.0010933259909506887,5.279398465063423e-05,3.827299224212766e-05,0.0004278050037100911,0.00015825599257368594,0.0
15.0,105,RMP,optimized,0.000574021993088536,4.346897185314447e-05,2.8100956114940345e-05,0.00015737497597001493,0.00014689301315229386,0.0001148690062109381
15.0,106,RMP,baseline,0.0009547560039209202,4.5895998482592404e-05,3.2399038900621235e-05,0.0003923360491171479,0.00013838300947099924,0.0
15.0,106,RMP,optimized,0.000462898999103345,4.0754981455393136e-05,2.518999099265784e-05,0.00010398302401881665,0.00012022603186778724,9.982100164052099e-05
15.0,107,RMP,baseline,0.0020071770122740418,7.816099969204515e-05,6.626598769798875e-05,0.0008814379689283669,0.0002779070346150547,0.0
15.0,107,RMP,optimized,0.0005738299951190129,4.976698255632073e-05,3.0049035558477044e-05,0.00013632500485982746,0.0001485199754824862,0.00012060800509061664
15.0,108,RMP,baseline,0.0009262809908250347,4.4356987928040326e-05,3.234502219129354e-05,0.00037544699443969876,0.00013373000547289848,0.0
15.0,108,RMP,optimized,0.0007361640018643811,4.975502088200301e-05,4.463203367777169e-05,0.00014488700253423303,0.00019617498037405312,0.00013198400847613811
15.0,109,RMP,baseline,0.001101039000786841,6.51369773549959e-05,3.997402382083237e-05,0.00043084798380732536,0.0001676640094956383,0.0
15.0,109,RMP,optimized,0.0005339689960237592,4.6294022467918694e-05,2.847399446181953e-05,0.00011790396820288152,0.00015007903857622296,0.00011312498827464879
15.0,110,RMP,baseline,0.0009180799970636144,4.365701170172542e-05,3.5698016290552914e-05,0.00037102105852682143,0.00012972901458851993,0.0
15.0,110,RMP,optimized,0.00045679799222853035,4.056998295709491e-05,2.4222987121902406e-05,0.00010371801909059286,0.0001173329510493204,0.00010103000386152416
15.0,111,RMP,baseline,0.0010753739916253835,8.040900866035372e-05,3.5276010748930275e-05,0.0004328169743530452,0.0001556399802211672,0.0
15.0,111,RMP,optimized,0.0004971200105501339,5.172195960767567e-05,3.089601523242891e-05,0.00011182499292772263,0.00012928199430461973,0.00010145499254576862
15.0,112,RMP,baseline,0.000880998995853588,4.29329666076228e-05,2.9389993869699538e-05,0.0003513589908834547,0.00012952301767654717,0.0
15.0,112,RMP,optimized,0.0005149860080564395,6.066999048925936e-05,2.723098441492766e-05,0.00011146599717903882,0.00013254302029963583,0.0001077139750123024
15.0,113,RMP,baseline,0.0010136049968423322,6.38380297459662e-05,3.629896673373878e-05,0.00039433801430277526,0.0001531680318294093,0.0
15.0,113,RMP,optimized,0.0005410989979282022,4.312502278480679e-05,5.080099799670279e-05,0.00011655900743789971,0.00012924594921059906,0.00010771102097351104
15.0,114,RMP,baseline,0.0010060859931400046,4.5334018068388104e-05,4.148203879594803e-05,0.0003925680066458881,0.0001653709914535284,0.0
15.0,114,RMP,optimized,0.0005365390097722411,5.874001362826675e-05,2.9694027034565806e-05,0.00011962797725573182,0.00013343998580239713,0.00011245797213632613
15.0,115,RMP,baseline,0.0010301159927621484,5.995301762595773e-05,3.5352015402168036e-05,0.00040697901567909867,0.00016360798326786608,0.0
15.0,115,RMP,optimized,0.0004917660116916522,4.054600140079856e-05,2.5505971279926598e-05,0.00010743604798335582,0.00012195305316708982,0.00010296599066350609
15.0,116,RMP,baseline,0.0009631299908505753,4.5274035073816776e-05,3.3283024094998837e-05,0.00038551499892491847,0.0001402480120304972,0.0
15.0,116,RMP,optimized,0.0008563940064050257,7.28290033293888e-05,5.518300167750567e-05,0.0001783489278750494,0.00025109104171860963,0.00017089597531594336
15.0,117,RMP,baseline,0.0010036960011348128,4.7242967411875725e-05,3.644100797828287e-05,0.00040047100628726184,0.00014724503853358328,0.0
15.0,117,RMP,optimized,0.0004765350022353232,4.197594535071403e-05,2.441596006974578e-05,0.00011084202560596168,0.00012289297592360526,0.0001042709918692708
15.0,118,RMP,baseline,0.001116697007091716,4.9520982429385185e-05,3.8462982047349215e-05,0.00039553598617203534,0.00024381196999456733,0.0
15.0,118,RMP,optimized,0.0005236249999143183,4.546198761090636e-05,2.7597998268902302e-05,0.00011685595382004976,0.00013507094990927726,0.00011077297676820308
15.0,119,RMP,baseline,0.001137650993769057,5.143802263773978e-05,3.7089994293637574e-05,0.00047399096365552396,0.0001649510086281225,0.0
15.0,119,RMP,optimized,0.0005486160080181435,5.344300006981939e-05,2.926202432718128e-05,0.00012130499817430973,0.00014451202878262848,0.00011876001372002065
15.0,120,RMP,baseline,0.001115673003369011,7.49059981899336e-05,4.456502210814506e-05,0.0004310969961807132,0.00017502398986835033,0.0
15.0,120,RMP,optimized,0.0004895580059383065,4.232799983583391e-05,2.5718967663124204e-05,0.00010995699267368764,0.00013059099728707224,0.0001052599836839363
15.0,121,RMP,baseline,0.0010772550012916327,4.705501487478614e-05,3.5267017665319145e-05,0.00046733404451515526,0.00015955502749420702,0.0
15.0,121,RMP,optimized,0.00046697899233549833,4.116501077078283e-05,2.442700497340411e-05,0.00010928002302534878,0.0001204030413646251,0.00010272298823110759
15.0,122,RMP,baseline,0.0012480820005293936,4.633700882550329e-05,3.581905912142247e-05,0.0005428989679785445,0.0001664709998294711,0.0
15.0,122,RMP,optimized,0.0005445369897643104,4.789597005583346e-05,3.272798494435847e-05,0.00012315899948589504,0.00013632701302412897,0.000117360963486135
15.0,123,RMP,baseline,0.0018009630002779886,8.208095096051693e-05,6.522795592900366e-05,0.0007291710062418133,0.0002874479832826182,0.0
15.0,123,RMP,optimized,0.0006003869930282235,4.84519696328789e-05,3.102500340901315e-05,0.00014889403246343136,0.00014700699830427766,0.00012378901010379195
15.0,124,RMP,baseline,0.001090571007807739,6.168699474073946e-05,3.810698399320245e-05,0.0004121810052311048,0.00017542604473419487,0.0
15.0,124,RMP,optimized,0.0005000370001653209,5.031799082644284e-05,2.5500004994682968e-05,0.00011071904737036675,0.00013296501128934324,0.00010409604874439538
15.0,125,RMP,baseline,0.0010775090049719438,5.171199154574424e-05,3.731099423021078e-05,0.00041478399361949414,0.00018475398246664554,0.0
15.0,125,RMP,optimized,0.0005063690041424707,4.643994907382876e-05,2.7950009098276496e-05,0.00011657303548417985,0.00013059398042969406,0.00011202802124898881
15.0,126,RMP,baseline,0.0009217990009346977,5.21489855600521e-05,3.022201417479664e-05,0.00036558101419359446,0.0001401489571435377,0.0
15.0,126,RMP,optimized,0.00047100499796215445,4.874297883361578e-05,2.442201366648078e-05,0.00010402800398878753,0.00012725702254101634,0.00010076601756736636
15.0,127,RMP,baseline,0.0010775219998322427,5.444000998977572e-05,3.5491990274749696e-05,0.0004106370033696294,0.00016790800145827234,0.0
15.0,127,RMP,optimized,0.0007416860025841743,5.175094702281058e-05,3.673300670925528e-05,0.0002477659872965887,0.00018198901670984924,0.00013060503988526762
15.0,128,RMP,baseline,0.0009674080065451562,5.4895004723221064e-05,3.100000321865082e-05,0.00037372103543020785,0.0001486109831603244,0.0
15.0,128,RMP,optimized,0.0004886469978373498,5.091899947728962e-05,2.5536020984873176e-05,0.00010807499347720295,0.00012967202928848565,0.00010093205492012203
15.0,129,RMP,baseline,0.0011450960009824485,5.572101508732885e-05,4.17219998780638e-05,0.00043266097782179713,0.00019999999494757503,0.0
15.0,129,RMP,optimized,0.0005684320058207959,5.076501111034304e-05,2.9224000172689557e-05,0.00012679003702942282,0.00015756601351313293,0.00011840599472634494
15.0,130,RMP,baseline,0.0010111659939866513,5.5392010835930705e-05,3.6863028071820736e-05,0.00037175699253566563,0.00015401597192976624,0.0
15.0,130,RMP,optimized,0.0004902799992123619,5.0112983444705606e-05,2.5574976461939514e-05,0.0001076820190064609,0.00013053901784587651,0.00010278497938998044
15.0,131,RMP,baseline,0.0011022430117009208,5.209297523833811e-05,3.819196717813611e-05,0.00043548304529394954,0.00016109096759464592,0.0
15.0,131,RMP,optimized,0.0005229359958320856,4.47360216639936e-05,2.5842979084700346e-05,0.00012226903345435858,0.0001346309727523476,0.00011537698446772993
15.0,132,RMP,baseline,0.001060344002326019,5.8775010984390974e-05,3.234899486415088e-05,0.00040769697807263583,0.0001673420483712107,0.0
15.0,132,RMP,optimized,0.0007267729961313307,6.491699605248868e-05,6.274001498240978e-05,0.00015736895147711039,0.00018029898637905717,0.00014126099995337427
15.0,133,RMP,baseline,0.00115310400724411,5.1877941587008536e-05,4.146296123508364e-05,0.0004829250246984884,0.0001537549978820607,0.0
15.0,133,RMP,optimized,0.000473287989734672,4.114603507332504e-05,2.5988032575696707e-05,0.00010701503197196871,0.00012245899415574968,0.00010424904758110642
15.0,134,RMP,baseline,0.0010009849938796833,5.4611009545624256e-05,3.1619041692465544e-05,0.0003848610067507252,0.00015426600293722004,0.0
15.0,134,RMP,optimized,0.0008950909978011623,6.92990142852068e-05,0.00010223302524536848,0.00019171599706169218,0.0001970359735423699,0.0002013529883697629
15.0,135,RMP,baseline,0.0011877719953190535,5.12930128024891e-05,5.175602564122528e-05,0.00044958801299799234,0.00017019697406794876,0.0
15.0,135,RMP,optimized,0.0005620809970423579,4.390804679132998e-05,4.4639004045166075e-05,0.00012288497237022966,0.00014025098062120378,0.00013021599443163723
15.0,136,RMP,baseline,0.0009898290009004995,5.7532990467734635e-05,3.591499989852309e-05,0.00039961098809726536,0.00014650303637608886,0.0
15.0,136,RMP,optimized,0.0005185720074223354,5.394501204136759e-05,2.6882000383920968e-05,0.00011196899868082255,0.0001477259793318808,0.00010533496970310807
15.0,137,RMP,baseline,0.0012401109997881576,5.3580981330014765e-05,5.60469925403595e-05,0.0004666199820348993,0.0001820649777073413,0.0
15.0,137,RMP,optimized,0.0005291359993861988,4.6868008212186396e-05,4.157904186286032e-05,0.00012037200212944299,0.0001299069554079324,0.00010859902249649167
15.0,138,RMP,baseline,0.0009591359994374216,4.736498522106558e-05,3.141401975881308e-05,0.00037467002402991056,0.0001433889992767945,0.0
15.0,138,RMP,optimized,0.0004887340037385002,4.210203769616783e-05,2.608700015116483e-05,0.00012256500485818833,0.0001239380071638152,0.0001047480182023719
15.0,139,RMP,baseline,0.000959712007897906,5.490500188898295e-05,3.1499017495661974e-05,0.00039108406053856015,0.0001448160328436643,0.0
15.0,139,RMP,optimized,0.000611951996688731,6.0009973822161555e-05,3.0635055736638606e-05,0.00012765798601321876,0.00018323998665437102,0.00012063300528097898
15.0,140,RMP,baseline,0.0019380949961487204,7.872203423175961e-05,0.00011781201465055346,0.0005673150299116969,0.000394730013795197,0.0
15.0,140,RMP,optimized,0.0005616030102828518,4.6878980356268585e-05,2.8995986212976277e-05,0.0001329620135948062,0.00014165302854962647,0.00012321003305260092
15.0,141,RMP,baseline,0.0009940160089172423,5.455201608128846e-05,3.269802255090326e-05,0.00038809301622677594,0.00015205105592031032,0.0
15.0,141,RMP,optimized,0.0004846419906243682,5.018500087317079e-05,2.5315021048299968e-05,0.00010898096661549062,0.00012979499297216535,0.00010115101758856326
15.0,142,RMP,baseline,0.001644039002712816,7.866301166359335e-05,5.2701987442560494e-05,0.0006565959920408204,0.00026993395294994116,0.0
15.0,142,RMP,optimized,0.0006242870003916323,6.0108970501460135e-05,3.1462026527151465e-05,0.0001421779888914898,0.00016829895321279764,0.00012985100329387933
15.0,143,RMP,baseline,0.0009358170063933358,4.586103023029864e-05,3.142601053696126e-05,0.0003763999993680045,0.00013725695316679776,0.0
15.0,143,RMP,optimized,0.0005457109946291894,4.515904583968222e-05,2.8618014766834676e-05,0.0001421129854861647,0.00013832001422997564,0.00011259799066465348
15.0,144,RMP,baseline,0.0010849990067072213,7.791802636347711e-05,3.550003748387098e-05,0.00042848201701417565,0.00015576303121633828,0.0
15.0,144,RMP,optimized,0.000538712993147783,5.476202932186425e-05,3.323702549096197e-05,0.00011552595242392272,0.0001430440170224756,0.0001132919715018943
15.0,145,RMP,baseline,0.0009795459918677807,4.646395973395556e-05,4.0447033825330436e-05,0.00037261200486682355,0.0001459050108678639,0.0
15.0,145,RMP,optimized,0.0005084500007797033,4.479703784454614e-05,2.69029987975955e-05,0.00011837299098260701,0.00013141501403879374,0.00011002700193785131
15.0,146,RMP,baseline,0.0010932650038739666,5.887198494747281e-05,4.3033971451222897e-05,0.00043200199434068054,0.00016636001237202436,0.0
15.0,146,RMP,optimized,0.0009612470021238551,6.856398249510676e-05,4.7779001761227846e-05,0.0002604629989946261,0.00029151298804208636,0.00015405500016640872
15.0,147,RMP,baseline,0.0010053759906440973,5.535302625503391e-05,3.2553012715652585e-05,0.00040587494731880724,0.00014965300215408206,0.0
15.0,147,RMP,optimized,0.0005392620078055188,6.602602661587298e-05,2.8363996534608305e-05,0.00011775107122957706,0.00014090804324951023,0.00011031495523639023
15.0,148,RMP,baseline,0.0011717589950421825,6.722800026182085e-05,4.0277023799717426e-05,0.0004640580009436235,0.00018796295626088977,0.0
15.0,148,RMP,optimized,0.0006205190002219751,6.042300083208829e-05,3.0391980544663966e-05,0.00013321601727511734,0.00018907201592810452,0.00011928401363547891
15.0,149,RMP,baseline,0.0018262379890074953,8.100205741357058e-05,5.788002454210073e-05,0.0007691009959671646,0.0002387870044913143,0.0
15.0,149,RMP,optimized,0.0005745939997723326,5.717901512980461e-05,3.502202162053436e-05,0.00013150603626854718,0.0001420080370735377,0.00013170397141948342
15.0,150,RMP,baseline,0.0010681790008675307,5.9735975810326636e-05,3.7173027521930635e-05,0.000410137974540703,0.0001732900127535686,0.0
15.0,150,RMP,optimized,0.0005551819922402501,5.096403765492141e-05,3.715399361681193e-05,0.00012338400119915605,0.00014823304081801325,0.00011048003216274083
15.0,151,RMP,baseline,0.0011736669985111803,6.093301635701209e-05,5.687802331522107e-05,0.00044132799666840583,0.00018740798986982554,0.0
15.0,151,RMP,optimized,0.0005455520004034042,5.499696999322623e-05,2.6360037736594677e-05,0.00011775002349168062,0.00014571000065188855,0.00011370502761565149
15.0,152,RMP,baseline,0.0010174709896091372,5.7267010561190546e-05,3.425903560128063e-05,0.0003880259901052341,0.00015974501729942858,0.0
15.0,152,RMP,optimized,0.0005228260124567896,5.226700159255415e-05,2.5658999220468104e-05,0.00011708898819051683,0.00013964103709440678,0.0001076410262612626
15.0,153,RMP,baseline,0.0009698560024844483,5.496703670360148e-05,3.01609979942441e-05,0.0003883580066030845,0.00014841296069789678,0.0
15.0,153,RMP,optimized,0.00047915399773046374,5.060801049694419e-05,2.4672990548424423e-05,0.00010434797150082886,0.00012949301162734628,0.00010071898577734828
15.0,154,RMP,baseline,0.000999235999188386,5.730403063353151e-05,3.538100281730294e-05,0.000374270006432198,0.00017388295964337885,0.0
15.0,154,RMP,optimized,0.0005754980084020644,5.134598177392036e-05,3.7121979403309524e-05,0.00012299096852075309,0.00016907001554500312,0.00011027495202142745
15.0,155,RMP,baseline,0.0011300929909339175,8.082996646407992e-05,5.247598164714873e-05,0.0004350520175648853,0.0001820860052248463,0.0
15.0,155,RMP,optimized,0.0005823649989906698,5.6872027926146984e-05,4.651698691304773e-05,0.00012796004011761397,0.00015042095037642866,0.0001145259739132598
15.0,156,RMP,baseline,0.0013674960064236075,0.00013172702165320516,5.444994894787669e-05,0.0005124610033817589,0.00018922399613074958,0.0
15.0,156,RMP,optimized,0.000598164988332428,5.5980985052883625e-05,3.2028998248279095e-05,0.0001365719799650833,0.00016055598098319024,0.00012228204286657274
15.0,157,RMP,baseline,0.001423341003828682,7.096599438227713e-05,5.333000444807112e-05,0.0005533709627343342,0.00022865296341478825,0.0
15.0,157,RMP,optimized,0.000831588011351414,7.17789662303403e-05,3.791201743297279e-05,0.00017260898312088102,0.00024205600493587554,0.00015740198432467878
15.0,158,RMP,baseline,0.0010796029964694753,6.286402640398592e-05,3.631197614595294e-05,0.00041613397479522973,0.00017002095410134643,0.0
15.0,158,RMP,optimized,0.0005340600037015975,4.987201828043908e-05,2.6280991733074188e-05,0.00011638503929134458,0.0001346330245723948,0.00012916102423332632
15.0,159,RMP,baseline,0.0011075090005761012,5.974201485514641e-05,3.620801726356149e-05,0.00040712099871598184,0.0001964180264621973,0.0
15.0,159,RMP,optimized,0.0008674089913256466,6.730595487169921e-05,7.61270202929154e-05,0.00017478100198786706,0.00020212300296407193,0.00014238303992897272
15.0,160,RMP,baseline,0.0012508970103226602,6.015296094119549e-05,5.271600093692541e-05,0.0005458499945234507,0.0001765289925970137,0.0
15.0,160,RMP,optimized,0.0005210289964452386,5.177505954634398e-05,2.7403992135077715e-05,0.00011291301052551717,0.0001490369759267196,0.00010634397040121257
15.0,161,RMP,baseline,0.0009785290021682158,5.513997166417539e-05,3.559602191671729e-05,0.00037087398231960833,0.00014772800204809755,0.0
15.0,161,RMP,optimized,0.0005509129987331107,5.168003553990275e-05,2.803302777465433e-05,0.00014546803140547127,0.00013927601685281843,0.00010770003427751362
15.0,162,RMP,baseline,0.0010345939954277128,5.728496762458235e-05,4.7587003791704774e-05,0.0004060860228491947,0.0001642820134293288,0.0
15.0,162,RMP,optimized,0.0004767529899254441,4.951797018293291e-05,2.4402004783041775e-05,0.00010332901729270816,0.00012798896932508796,0.00010116999328602105
15.0,163,RMP,baseline,0.0009976660076063126,5.506898742169142e-05,5.010697350371629e-05,0.0003834590461337939,0.00015260200598277152,0.0
15.0,163,RMP,optimized,0.0005856569914612919,5.2875999244861305e-05,3.81969875888899e-05,0.0001224510051542893,0.00015189300756901503,0.0001351309911115095
15.0,164,RMP,baseline,0.0009589580004103482,5.434404010884464e-05,3.1418996513821185e-05,0.0003764060093089938,0.00014764904335606843,0.0
15.0,164,RMP,optimized,0.0005157639971002936,5.6598029914312065e-05,3.0767012503929436e-05,0.00011041900143027306,0.00013720801507588476,0.00010680698323994875
15.0,165,RMP,baseline,0.001108775002649054,6.092501280363649e-05,5.051498010288924e-05,0.0004419029864948243,0.0001640109985601157,0.0
15.0,165,RMP,optimized,0.000604479995672591,5.351101572159678e-05,3.017498238477856e-05,0.00013061704521533102,0.00017727001977618784,0.00012341703404672444
15.0,166,RMP,baseline,0.001056275999872014,5.286998930387199e-05,3.633899905253202e-05,0.00037885703204665333,0.00015936000272631645,0.0
15.0,166,RMP,optimized,0.0004796739958692342,4.872401768807322e-05,2.5388013455085456e-05,0.00010699995618779212,0.00012598199828062207,0.00010650198964867741
15.0,167,RMP,baseline,0.001120255998102948,5.9062003856524825e-05,3.911599924322218e-05,0.0004484499804675579,0.00016817302093841136,0.0
15.0,167,RMP,optimized,0.0005101080023450777,4.991103196516633e-05,2.5797009584493935e-05,0.00011571403592824936,0.0001318970462307334,0.00010787601058837026
15.0,168,RMP,baseline,0.0009588469984009862,5.238399899099022e-05,3.068801015615463e-05,0.0003599070041673258,0.00014486203144770116,0.0
15.0,168,RMP,optimized,0.00047253099910449237,4.8910995246842504e-05,2.488901372998953e-05,0.00010417196608614177,0.0001262770383618772,0.00010116200428456068
15.0,169,RMP,baseline,0.001116997009376064,5.856296047568321e-05,3.969903627876192e-05,0.00044293202518019825,0.00017192799714393914,0.0
15.0,169,RMP,optimized,0.0005461599939735606,4.882103530690074e-05,2.6160007109865546e-05,0.0001153069460997358,0.00015404201985802501,0.00010696501703932881
15.0,170,RMP,baseline,0.001090659003239125,5.754097946919501e-05,3.539102908689529e-05,0.00041259799036197364,0.00017626800399739295,0.0
15.0,170,RMP,optimized,0.0006565539952134714,6.146698433440179e-05,3.491596726235002e-05,0.0001446249953005463,0.0001691310026217252,0.00013125702389515936
15.0,171,RMP,baseline,0.0009494309924775735,5.186001362744719e-05,3.065899363718927e-05,0.0003826259635388851,0.00014246899809222668,0.0
15.0,171,RMP,optimized,0.0005191070085857064,6.210102583281696e-05,2.716701419558376e-05,0.00011467799777165055,0.00013528496492654085,0.00010676498641259968
15.0,172,RMP,baseline,0.0011174670071341097,5.847297143191099e-05,3.594897862058133e-05,0.00043335100053809583,0.0001764959451975301,0.0
15.0,172,RMP,optimized,0.0006388519977917895,5.927795427851379e-05,3.125001967418939e-05,0.0001509599678684026,0.00017337501049041748,0.00012378499377518892
15.0,173,RMP,baseline,0.001087115000700578,5.839299410581589e-05,3.99169948650524e-05,0.00044391604023985565,0.000162369993631728,0.0
15.0,173,RMP,optimized,0.0005707569944206625,5.2822972065769136e-05,3.3244985388591886e-05,0.00014184702013153583,0.00014489697059616446,0.00011567395995371044
15.0,174,RMP,baseline,0.0010995080083375797,6.345500878524035e-05,3.6649988032877445e-05,0.0004219399706926197,0.00018737500067800283,0.0
15.0,174,RMP,optimized,0.0005865069979336113,5.6708973716013134e-05,2.9121016268618405e-05,0.00014040195674169809,0.00015983400226105005,0.00011807802366092801
15.0,175,RMP,baseline,0.0010673710057744756,5.690901889465749e-05,3.536300209816545e-05,0.0004264379822416231,0.0001575729693286121,0.0
15.0,175,RMP,optimized,0.0007516570040024817,6.483802280854434e-05,3.835896495729685e-05,0.000161697986186482,0.00018252198060508817,0.00019712198991328478
15.0,176,RMP,baseline,0.0009705720003694296,4.772900138050318e-05,3.38839745381847e-05,0.00037353404331952333,0.00014039696543477476,0.0
15.0,176,RMP,optimized,0.0005107010074425489,4.325099871493876e-05,2.79709929600358e-05,0.00011391901352908462,0.0001393540296703577,0.00010905899398494512
15.0,177,RMP,baseline,0.0010692450014175847,5.5588039685972035e-05,3.4532014979049563e-05,0.00043677900976035744,0.0001757289719535038,0.0
15.0,177,RMP,optimized,0.0005180440057301894,5.2118979510851204e-05,2.5892950361594558e-05,0.00011571198410820216,0.0001364490162814036,0.00011093301873188466
15.0,178,RMP,baseline,0.0009618110052542761,4.90110251121223e-05,3.6370998714119196e-05,0.00038066101842559874,0.00014099001418799162,0.0
15.0,178,RMP,optimized,0.0005156090046511963,4.14860260207206e-05,2.7366011636331677e-05,0.0001306460180785507,0.00012909999350085855,0.0001068149576894939
15.0,179,RMP,baseline,0.0017900420061778277,8.747898391447961e-05,5.837505159433931e-05,0.0007455630111508071,0.0002912519848905504,0.0
15.0,179,RMP,optimized,0.0006816769891884178,6.558300810866058e-05,3.841698344331235e-05,0.00015963397163432091,0.00017899998056236655,0.00014246400678530335
15.0,180,RMP,baseline,0.000899405000382103,4.4489032006822526e-05,3.059102164115757e-05,0.00035540097451303154,0.00013285999011714011,0.0
15.0,180,RMP,optimized,0.0004892830038443208,4.229698970448226e-05,2.597204002086073e-05,0.00011041802645195276,0.00012738097575493157,0.00010569003643468022
15.0,181,RMP,baseline,0.0010348689975216985,5.56789746042341e-05,4.245403397362679e-05,0.00040486799844074994,0.00016356697597075254,0.0
15.0,181,RMP,optimized,0.000517809996381402,4.907397669740021e-05,2.6138019165955484e-05,0.00011148399789817631,0.00014599300629924983,0.00010362702596466988
15.0,182,RMP,baseline,0.0013171780010452494,5.417897773440927e-05,4.3351989006623626e-05,0.000512335987878032,0.00019157696806360036,0.0
15.0,182,RMP,optimized,0.0005033829947933555,4.332096432335675e-05,2.6568930479697883e-05,0.0001156979997176677,0.00012957898434251547,0.00010671300697140396
15.0,183,RMP,baseline,0.0010783280013129115,5.841300298925489e-05,3.3889024052768946e-05,0.0004334560071583837,0.0001666159660089761,0.0
15.0,183,RMP,optimized,0.0005230499955359846,5.2243020036257803e-05,2.5923989596776664e-05,0.00011645800259429961,0.00014256998838391155,0.00010885993833653629
15.0,184,RMP,baseline,0.001036265995935537,4.941804218105972e-05,3.575696609914303e-05,0.00038860297354403883,0.0001895239984150976,0.0
15.0,184,RMP,optimized,0.0008370620053028688,4.2733969166874886e-05,2.669199602678418e-05,0.0001601590047357604,0.00017315398145001382,0.00032165700395125896
15.0,185,RMP,baseline,0.0011603680031839758,6.155602750368416e-05,6.082799518480897e-05,0.0004273869999451563,0.0001792469556676224,0.0
15.0,185,RMP,optimized,0.0008041109977057204,7.663699216209352e-05,4.124396946281195e-05,0.0002155330148525536,0.00022165699920151383,0.00014546100283041596
15.0,186,RMP,baseline,0.0009812839998630807,4.6501008910126984e-05,3.288702282588929e-05,0.0003782409767154604,0.00015259803330991417,0.0
15.0,186,RMP,optimized,0.00045871200563851744,4.02279692934826e-05,2.3272994440048933e-05,0.00010439500329084694,0.00011808300041593611,0.00010167807340621948
15.0,187,RMP,baseline,0.0010456390009494498,7.735802500974387e-05,3.869005013257265e-05,0.0003934409760404378,0.00016516097821295261,0.0
15.0,187,RMP,optimized,0.000517284992383793,5.116901593282819e-05,2.5280998670496047e-05,0.0001128590083681047,0.00013688203762285411,0.00010834501881618053
15.0,188,RMP,baseline,0.0009185820090351626,4.6048982767388225e-05,3.132699930574745e-05,0.00036291798460297287,0.00013980803487356752,0.0
15.0,188,RMP,optimized,0.00045893198694102466,4.1356979636475444e-05,2.3770000552758574e-05,0.00010161299724131823,0.00011954699584748596,0.00010137102799490094
15.0,189,RMP,baseline,0.0011293600109638646,6.051899981684983e-05,3.657401248347014e-05,0.00044892898586113006,0.00018037199333775789,0.0
15.0,189,RMP,optimized,0.0016630879981676117,0.00014335697051137686,8.688299567438662e-05,0.0004071550501976162,0.00046203602687455714,0.00041261198930442333
15.0,190,RMP,baseline,0.0009052449895534664,5.231193790677935e-05,3.0754992621950805e-05,0.00035433399898465723,0.00013836997095495462,0.0
15.0,190,RMP,optimized,0.0005748559924541041,5.186499038245529e-05,2.825293631758541e-05,0.0001266470062546432,0.00014737099991180003,0.00011966096644755453
15.0,191,RMP,baseline,0.002408972999546677,0.00011955598893109709,0.00033594699925743043,0.0008254830172518268,0.00040034503035712987,0.0
15.0,191,RMP,optimized,0.000583739994908683,4.830500984098762e-05,3.092698170803487e-05,0.0001441880303900689,0.0001500169892096892,0.00012152500858064741
15.0,192,RMP,baseline,0.000885875997482799,4.470799467526376e-05,3.042099706362933e-05,0.0003442590241320431,0.00012928599608130753,0.0
15.0,192,RMP,optimized,0.00047538700164295733,4.165399877820164e-05,2.5532019208185375e-05,0.00010515496251173317,0.00012166301894467324,0.0001060160284396261
15.0,193,RMP,baseline,0.0010768810025183484,5.9842990594916046e-05,3.677306813187897e-05,0.00041490496369078755,0.000164331984706223,0.0
15.0,193,RMP,optimized,0.0004764050099765882,4.832596459891647e-05,2.391295856796205e-05,0.00010574601765256375,0.00012670698924921453,0.00010088001727126539
15.0,194,RMP,baseline,0.0009114129934459925,5.8174991863779724e-05,3.191799623891711e-05,0.00035570999898482114,0.00013028197281528264,0.0
15.0,194,RMP,optimized,0.0004585810092976317,4.046100366394967e-05,2.4439010303467512e-05,0.00010422899504192173,0.00011750502744689584,0.00010173697955906391
15.0,195,RMP,baseline,0.0010221949924016371,5.5988028179854155e-05,3.466804628260434e-05,0.0004037579637952149,0.0001554269838379696,0.0
15.0,195,RMP,optimized,0.0005734129954362288,5.270201654639095e-05,3.94569942727685e-05,0.00012246899132151157,0.0001471180294174701,0.00011478799569886178
15.0,196,RMP,baseline,0.0010270969942212105,4.653399810194969e-05,6.552803097292781e-05,0.00040322801214642823,0.00014583795564249158,0.0
15.0,196,RMP,optimized,0.00046341700362972915,4.086398985236883e-05,2.41350062424317e-05,0.0001098810025723651,0.00011798100604210049,9.984798089135438e-05
15.0,197,RMP,baseline,0.0011587500048335642,6.210796709638089e-05,5.8533973060548306e-05,0.00046095604193396866,0.00017234199913218617,0.0
15.0,197,RMP,optimized,0.0005052159976912662,5.011902248952538e-05,2.5089000700972974e-05,0.00011129799531772733,0.00013245704758446664,0.00010677498357836157
15.0,198,RMP,baseline,0.0009725959971547127,4.5796012273058295e-05,3.285397542640567e-05,0.0003892699896823615,0.0001513250172138214,0.0
15.0,198,RMP,optimized,0.0005171630036784336,4.4303000322543085e-05,2.790997677948326e-05,0.00011906703002750874,0.00013581500388681889,0.0001140489912359044
15.0,199,RMP,baseline,0.0010576619970379397,5.919999966863543e-05,3.4856973798014224e-05,0.0004269239871064201,0.00015875899407546967,0.0
15.0,199,RMP,optimized,0.0004883210058324039,5.0084025133401155e-05,2.393302565906197e-05,0.00010767403000500053,0.00012859601702075452,0.00010200098040513694
15.0,200,RMP,baseline,0.0017146489990409464,7.484099478460848e-05,5.451895412988961e-05,0.0005871890316484496,0.00048386998241767287,0.0
15.0,200,RMP,optimized,0.0005870759923709556,4.826599615626037e-05,4.8590998630970716e-05,0.00013521398068405688,0.00014161402941681445,0.00012300402158871293
15.0,201,RMP,baseline,0.0009229209972545505,5.521098501048982e-05,2.9997972887940705e-05,0.00035958096850663424,0.00014182999439071864,0.0
15.0,201,RMP,optimized,0.0005189060029806569,5.290997796691954e-05,2.773603773675859e-05,0.00011263204214628786,0.0001360829919576645,0.00010839098831638694
15.0,202,RMP,baseline,0.0015005300083430484,0.00011114998778793961,5.8896010159514844e-05,0.0005320259951986372,0.00020867594867013395,0.0
15.0,202,RMP,optimized,0.0006851949874544516,5.246500950306654e-05,3.5641962313093245e-05,0.00017025796114467084,0.00018064900359604508,0.0001261520228581503
15.0,203,RMP,baseline,0.0009286480053560808,5.201397289056331e-05,3.0213006539270282e-05,0.0003605699894251302,0.00014378197374753654,0.0
15.0,203,RMP,optimized,0.0005936689994996414,5.2259041694924235e-05,3.102001210208982e-05,0.00015288697613868862,0.00015872599033173174,0.00011141702998429537
15.0,204,RMP,baseline,0.0015334229974541813,6.632301665376872e-05,6.918096914887428e-05,0.0006269049918046221,0.00024384402786381543,0.0
15.0,204,RMP,optimized,0.0009964229975594208,0.00014298400492407382,5.068497557658702e-05,0.00020009599393233657,0.00029543401615228504,0.00017819699132815003
15.0,205,RMP,baseline,0.0012360180116957054,6.185402162373066e-05,4.6025976189412177e-05,0.0005439859814941883,0.00017417599156033248,0.0
15.0,205,RMP,optimized,0.0005540039855986834,5.297501047607511e-05,4.5133972889743745e-05,0.00012285295815672725,0.00014192401431500912,0.0001131470053223893
15.0,206,RMP,baseline,0.001458052996895276,6.930800736881793e-05,6.832601502537727e-05,0.000501300033647567,0.00025533000007271767,0.0
15.0,206,RMP,optimized,0.0006284189876168966,5.446501018013805e-05,3.2725976780056953e-05,0.00014901100075803697,0.00016406597569584846,0.00012039500870741904
15.0,207,RMP,baseline,0.0010270829952787608,5.875399801880121e-05,3.229599678888917e-05,0.0004056459729326889,0.00015752299805171788,0.0
15.0,207,RMP,optimized,0.0005225720087764785,5.1835013437084854e-05,2.8091977583244443e-05,0.0001147059811046347,0.00014347201795317233,0.00010875298175960779
15.0,208,RMP,baseline,0.001132118995883502,0.00010258906695526093,4.233101208228618e-05,0.0004133910406380892,0.0001889599661808461,0.0
15.0,208,RMP,optimized,0.0005317809991538525,4.2217987356707454e-05,2.4945024051703513e-05,0.00012330496974755079,0.00014649303921032697,0.00010486300743650645
15.0,209,RMP,baseline,0.001483207001001574,7.584401464555413e-05,8.50890064612031e-05,0.0004360410093795508,0.00029056600760668516,0.0
15.0,209,RMP,optimized,0.0011440719972597435,6.212697189766914e-05,6.830599159002304e-05,0.00028957104950677603,0.00023605398018844426,0.00023126501764636487
15.0,210,RMP,baseline,0.0008995020034490153,4.446698585525155e-05,3.0497016268782318e-05,0.00036065102904103696,0.00013110600411891937,0.0
15.0,210,RMP,optimized,0.000539628992555663,4.376602009870112e-05,3.4294993383809924e-05,0.00011890199675690383,0.0001345439814031124,0.0001318550348514691
15.0,211,RMP,baseline,0.0009481519955443218,5.482199776452035e-05,3.154901787638664e-05,0.00037597799382638186,0.0001461679785279557,0.0
15.0,211,RMP,optimized,0.0005659609887516126,5.319202318787575e-05,2.6515990612097085e-05,0.00014588901831302792,0.00014318701869342476,0.00010836498404387385
15.0,212,RMP,baseline,0.0011014159972546622,5.2817020332440734e-05,5.172404053155333e-05,0.0004402999475132674,0.00016105003305710852,0.0
15.0,212,RMP,optimized,0.0005885339924134314,4.3997017201036215e-05,2.7945992769673467e-05,0.00013455998850986362,0.0001650599588174373,0.00013008504174649715
15.0,213,RMP,baseline,0.0010247309983242303,5.580199649557471e-05,4.677203833125532e-05,0.00040340301347896457,0.00015923399769235402,0.0
15.0,213,RMP,optimized,0.00047465400712098926,4.957999044563621e-05,2.3986009182408452e-05,0.00010666000889614224,0.00012606100062839687,0.00010062001820188016
15.0,214,RMP,baseline,0.0008644039917271584,4.2243002098985016e-05,2.852201578207314e-05,0.00034293701173737645,0.00012743804836645722,0.0
15.0,214,RMP,optimized,0.00046974699944257736,4.006200470030308e-05,2.4146982468664646e-05,0.00010387902148067951,0.0001227919856319204,0.00010030300472863019
15.0,215,RMP,baseline,0.0010998660000041127,5.908298771828413e-05,3.6412980989553034e-05,0.00041681097354739904,0.00017550498887430876,0.0
15.0,215,RMP,optimized,0.0005109139892738312,5.00129972351715e-05,3.292904875706881e-05,0.00011143396841362119,0.0001342859904980287,0.0001034979650285095
15.0,216,RMP,baseline,0.0009676150075392798,4.5138003770262e-05,4.3482985347509384e-05,0.00039084003947209567,0.00013789799413643777,0.0
15.0,216,RMP,optimized,0.0005310230044415221,4.303900641389191e-05,2.7918998966924846e-05,0.00013460699119605124,0.00013525900430977345,0.00011120499402750283
15.0,217,RMP,baseline,0.0010779239964904264,4.797001020051539e-05,3.417099651414901e-05,0.0004710820212494582,0.00015251200238708407,0.0
15.0,217,RMP,optimized,0.0005167560011614114,4.232299397699535e-05,2.5739005650393665e-05,0.00011749600525945425,0.00012993699056096375,0.00012325702118687332
15.0,218,RMP,baseline,0.000907888010260649,4.365795757621527e-05,4.7065026592463255e-05,0.000355402022250928,0.0001315980334766209,0.0
15.0,218,RMP,optimized,0.0010825189965544268,8.441698446404189e-05,6.17150217294693e-05,0.00032417502370662987,0.00026131900085601956,0.0002122399746440351
15.0,219,RMP,baseline,0.000991081993561238,4.624301800504327e-05,3.259298682678491e-05,0.00040670995076652616,0.00014673401892650872,0.0
15.0,219,RMP,optimized,0.0005530950002139434,5.055099609307945e-05,2.9755014111287892e-05,0.0001345000055152923,0.00013840096653439105,0.0001216649980051443
15.0,220,RMP,baseline,0.0010065469978144392,4.7043009544722736e-05,3.404601011425257e-05,0.00041746503848116845,0.00014383901725523174,0.0
15.0,220,RMP,optimized,0.0005968009936623275,4.5221997424960136e-05,2.62039975496009e-05,0.00011745200026780367,0.00012796701048500836,0.00010999795631505549
15.0,221,RMP,baseline,0.000905384003999643,4.54900145996362e-05,3.0902985599823296e-05,0.0003618590271798894,0.00013347498315852135,0.0
15.0,221,RMP,optimized,0.000514653991558589,4.492398875299841e-05,2.9056041967123747e-05,0.0001157810038421303,0.00013380902237258852,0.00010863700299523771
15.0,222,RMP,baseline,0.0012981659965589643,5.152299127075821e-05,5.873199552297592e-05,0.0004302189772715792,0.00018519404693506658,0.0
15.0,222,RMP,optimized,0.0004893489967798814,4.135799827054143e-05,2.510401827748865e-05,0.00011134899978060275,0.00012872699880972505,0.00010397304140496999
15.0,223,RMP,baseline,0.0016380699962610379,7.54049833631143e-05,6.268797733355314e-05,0.00058455002726987,0.00034009001683443785,0.0
15.0,223,RMP,optimized,0.0009040830045705661,7.638297392986715e-05,4.377502773422748e-05,0.0001847029780037701,0.00027726602274924517,0.00017084897262975574
15.0,224,RMP,baseline,0.001050323000526987,4.894200537819415e-05,3.6648998502641916e-05,0.00040646098204888403,0.00015492801321670413,0.0
15.0,224,RMP,optimized,0.0005397079949034378,4.460003401618451e-05,2.8368027415126562e-05,0.00012486198102124035,0.00013746398326475173,0.00012423799489624798
15.0,225,RMP,baseline,0.0013134910113876686,4.963799437973648e-05,3.88560292776674e-05,0.0004083079984411597,0.00019910596893168986,0.0
15.0,225,RMP,optimized,0.0005958640103926882,4.693801747635007e-05,3.088996163569391e-05,0.0001668410113779828,0.00014223901962395757,0.00011765699309762567
15.0,226,RMP,baseline,0.0009892149973893538,6.093601405154914e-05,3.457395359873772e-05,0.0003853100206470117,0.0001414010184817016,0.0
15.0,226,RMP,optimized,0.00046231299347709864,4.0024970076046884e-05,2.4704044335521758e-05,0.00010599798406474292,0.0001195330114569515,0.00010086900147143751
15.0,227,RMP,baseline,0.0009623770019970834,5.223698099143803e-05,3.640502109192312e-05,0.00037467104266397655,0.00014268903760239482,0.0
15.0,227,RMP,optimized,0.0005958549882052466,4.497899499256164e-05,2.868098090402782e-05,0.00015817998792044818,0.0001581649703439325,0.00011375801113899797
15.0,228,RMP,baseline,0.0010150180023629218,4.660699050873518e-05,3.689300501719117e-05,0.0003788610047195107,0.0001600029645487666,0.0
15.0,228,RMP,optimized,0.0004841270128963515,4.225502198096365e-05,2.6040012016892433e-05,0.00011359799827914685,0.0001243900042027235,0.00010555195331107825
15.0,229,RMP,baseline,0.0012635989987757057,5.9322017477825284e-05,4.1014020098373294e-05,0.0005282430356601253,0.00018089398508891463,0.0
15.0,229,RMP,optimized,0.0005027869920013472,4.447196261025965e-05,2.652201510500163e-05,0.00011473703489173204,0.00012915900151710957,0.00010590700549073517
15.0,230,RMP,baseline,0.0010176300129387528,4.903401713818312e-05,3.5206961911171675e-05,0.00041028199484571815,0.00014959996042307466,0.0
15.0,230,RMP,optimized,0.0005636069981846958,4.6505985665135086e-05,2.7044035959988832e-05,0.0001286430051550269,0.00015243500820361078,0.00012662897643167526
15.0,231,RMP,baseline,0.0010710820060921833,5.127702024765313e-05,3.724097041413188e-05,0.0004273939994163811,0.0001653150247875601,0.0
15.0,231,RMP,optimized,0.0006269800069276243,4.938300116918981e-05,3.250494773965329e-05,0.00014536399976350367,0.00016540198703296483,0.0001460259809391573
15.0,232,RMP,baseline,0.000911805997020565,4.564902337733656e-05,3.582403587643057e-05,0.00036191796243656427,0.0001330990344285965,0.0
15.0,232,RMP,optimized,0.0005416619969764724,4.0992992580868304e-05,2.5290995836257935e-05,0.00011522993736434728,0.00012442003935575485,0.00011059707321692258
15.0,233,RMP,baseline,0.0010837560112122446,4.8902977141551673e-05,3.729297895915806e-05,0.00040881299355532974,0.00015649299893993884,0.0
15.0,233,RMP,optimized,0.0004943779931636527,4.2660991312004626e-05,3.031200321856886e-05,0.00011299802281428128,0.0001264259626623243,0.0001051709841703996
15.0,234,RMP,baseline,0.0009541680046822876,4.5787004637531936e-05,3.233998722862452e-05,0.0003805080341408029,0.00014378599007613957,0.0
15.0,234,RMP,optimized,0.0004882219946011901,3.952703264076263e-05,2.4135981220752e-05,0.00010807299986481667,0.00011905400606337935,0.00010176900832448155
15.0,235,RMP,baseline,0.0010847249941434711,5.678804882336408e-05,3.863198799081147e-05,0.0003916229761671275,0.00018972100224345922,0.0
15.0,235,RMP,optimized,0.000540321008884348,4.9628972192294896e-05,2.9556977096945047e-05,0.000123997000628151,0.00014117798127699643,0.0001085719995899126
15.0,236,RMP,baseline,0.0010130070004379377,4.836998414248228e-05,3.685800766106695e-05,0.0003864460304612294,0.0001505510153947398,0.0
15.0,236,RMP,optimized,0.0005501650011865422,4.4558022636920214e-05,2.8700029361061752e-05,0.00012584999785758555,0.00015657898620702326,0.0001127119903685525
15.0,237,RMP,baseline,0.000996064001810737,4.725201870314777e-05,3.442396700847894e-05,0.0004042180080432445,0.00014688298688270152,0.0
15.0,237,RMP,optimized,0.0005304910009726882,4.3392006773501635e-05,2.767294063232839e-05,0.00012175198935437948,0.00013401398609858006,0.00011478598753456026
15.0,238,RMP,baseline,0.0014204960025381297,5.819402576889843e-05,4.6704983105883e-05,0.0006020619766786695,0.00020244299957994372,0.0
15.0,238,RMP,optimized,0.0006349470058921725,4.969800647813827e-05,3.116605512332171e-05,0.00015386099403258413,0.00015506097406614572,0.00013588702131528407
15.0,239,RMP,baseline,0.000926551001612097,4.4967979192733765e-05,3.085401840507984e-05,0.00037021203024778515,0.00013781600864604115,0.0
15.0,239,RMP,optimized,0.0005121629947097972,4.3099018512293696e-05,2.8821988962590694e-05,0.00011606198677327484,0.0001331680396106094,0.00010798902076203376
15.0,240,RMP,baseline,0.0009770909964572638,4.624202847480774e-05,3.4590993891470134e-05,0.0003733909979928285,0.0001666229945840314,0.0
15.0,240,RMP,optimized,0.0006724080012645572,5.777202022727579e-05,3.280903911218047e-05,0.0001394779683323577,0.00018082598398905247,0.00014061298861633986
15.0,241,RMP,baseline,0.0009175829909509048,4.635001823771745e-05,3.3936972613446414e-05,0.00036063102015759796,0.00013790596858598292,0.0
15.0,241,RMP,optimized,0.0005762179935118183,4.466301470529288e-05,3.262798418290913e-05,0.00012075398990418762,0.00017106003360822797,0.00011514897050801665
15.0,242,RMP,baseline,0.0009289640001952648,4.484200326260179e-05,3.511201066430658e-05,0.00036742203519679606,0.0001355159911327064,0.0
15.0,242,RMP,optimized,0.0005612439999822527,4.7092020395211875e-05,3.08090093312785e-05,0.00013015000149607658,0.00014805402315687388,0.00011347298277541995
15.0,243,RMP,baseline,0.0015997119917301461,8.107998291961849e-05,7.839201134629548e-05,0.0006033500394551083,0.00025055103469640017,0.0
15.0,243,RMP,optimized,0.0006917150021763518,4.4562999391928315e-05,3.070397360716015e-05,0.00025270599871873856,0.00015381700359284878,0.00012037696433253586
15.0,244,RMP,baseline,0.0008849610021570697,4.323199391365051e-05,2.9883027309551835e-05,0.0003521960024954751,0.0001298849529121071,0.0
15.0,244,RMP,optimized,0.0005857600044691935,4.39919822383672e-05,3.0652983696199954e-05,0.00012289801088627428,0.00018362700939178467,0.00011855502089019865
15.0,245,RMP,baseline,0.0010179770033573732,5.87080285185948e-05,3.553804708644748e-05,0.00039743600063957274,0.000158633993123658,0.0
15.0,245,RMP,optimized,0.0005641780007863417,6.56529882689938e-05,3.096800355706364e-05,0.00012561400944832712,0.00014471003669314086,0.00011596697731874883
15.0,246,RMP,baseline,0.0010034419974545017,4.676701792050153e-05,3.396801184862852e-05,0.00040235203050542623,0.00014396202459465712,0.0
15.0,246,RMP,optimized,0.0005610090011032298,4.220697155687958e-05,5.7730983826331794e-05,0.00011636500130407512,0.00013734001549892128,0.00010846302029676735
15.0,247,RMP,baseline,0.0009463269961997867,5.270300607662648e-05,3.67739557987079e-05,0.000373002010746859,0.0001441650092601776,0.0
15.0,247,RMP,optimized,0.0004985179984942079,5.076098022982478e-05,2.4762994144111872e-05,0.00010704300075303763,0.00013123900862410665,0.00010157708311453462
15.0,248,RMP,baseline,0.0016505290113855153,0.00019013298151548952,8.448098378721625e-05,0.0005625189951388165,0.000267178998910822,0.0
15.0,248,RMP,optimized,0.0005221640021773055,4.598502709995955e-05,2.810500154737383e-05,0.0001231260393979028,0.00013006001245230436,0.00011476301006041467
15.0,249,RMP,baseline,0.001008680002996698,5.3311974625103176e-05,3.117098822258413e-05,0.0003976620064349845,0.00016157196660060436,0.0
15.0,249,RMP,optimized,0.0004852330021094531,4.871501005254686e-05,2.5592991732992232e-05,0.00010761797602754086,0.00012937001883983612,0.00010053500591311604
15.0,250,RMP,baseline,0.0015968490042723715,6.992500857450068e-05,5.481003609020263e-05,0.0005024760030210018,0.00036841898690909147,0.0
15.0,250,RMP,optimized,0.0006743370031472296,6.4718013163656e-05,3.911800740752369e-05,0.00016610801685601473,0.0001565319689689204,0.00013473699800670147
15.0,251,RMP,baseline,0.0010266409954056144,6.359898543450981e-05,3.533600829541683e-05,0.0003972840349888429,0.00016556601622141898,0.0
15.0,251,RMP,optimized,0.0005111429927637801,4.969300061929971e-05,3.308699524495751e-05,0.00011281398474238813,0.00013240201224107295,0.00010755794937722385
15.0,252,RMP,baseline,0.001382614005706273,6.857796688564122e-05,6.759000825695693e-05,0.0005540969868889078,0.00019859400345012546,0.0
15.0,252,RMP,optimized,0.0014488300075754523,0.0002445619902573526,7.623404962942004e-05,0.0003374660591362044,0.0003702599642565474,0.0002192140236729756
15.0,253,RMP,baseline,0.00094664900097996,5.4531003115698695e-05,3.463498433120549e-05,0.00036282102519180626,0.00014634600665885955,0.0
15.0,253,RMP,optimized,0.0005103849980514497,5.133301601745188e-05,2.7323010726831853e-05,0.00011032796464860439,0.00014527898747473955,0.0001052910229191184
15.0,254,RMP,baseline,0.0014952700003050268,8.84920300450176e-05,5.19199384143576e-05,0.0004840830370085314,0.00025240101967938244,0.0
15.0,254,RMP,optimized,0.0007389499951386824,5.397200584411621e-05,3.5703968023881316e-05,0.00016750000941101462,0.0001726569898892194,0.0002136049879482016
15.0,255,RMP,baseline,0.0010224040015600622,5.6678036344237626e-05,3.3666990930214524e-05,0.0003892069944413379,0.0001599799725227058,0.0
15.0,255,RMP,optimized,0.0005002959951525554,4.868401447311044e-05,2.4630018742755055e-05,0.00010857101005967706,0.00012984500790480524,0.00010141897655557841
15.0,256,RMP,baseline,0.0012328449956839904,6.282499816734344e-05,4.184298450127244e-05,0.00044126099965069443,0.00023211400548461825,0.0
15.0,256,RMP,optimized,0.000490161997731775,4.082097439095378e-05,3.738101804628968e-05,0.00011145697499159724,0.00012230903666932136,0.00010497601761016995
15.0,257,RMP,baseline,0.0009675510082161054,5.2816016250289977e-05,3.0534021789208055e-05,0.0003819359699264169,0.00015113200061023235,0.0
15.0,257,RMP,optimized,0.0005809619906358421,5.7581026339903474e-05,3.197201294824481e-05,0.0001313080283580348,0.00017106700397562236,0.00011041999096050858
15.0,258,RMP,baseline,0.001135341008193791,5.3696028771810234e-05,4.15429676650092e-05,0.0004431269771885127,0.00017509197641629726,0.0
15.0,258,RMP,optimized,0.0005147889896761626,4.278798587620258e-05,2.706097438931465e-05,0.00011888699373230338,0.0001314659893978387,0.00010907900286838412
15.0,259,RMP,baseline,0.0009794159996090457,5.480097024701536e-05,3.21669940603897e-05,0.0003726959985215217,0.00015303098189178854,0.0
15.0,259,RMP,optimized,0.0005666579963872209,5.1103983423672616e-05,2.8736016247421503e-05,0.00013033000868745148,0.0001614399952813983,0.00010959901555906981
15.0,260,RMP,baseline,0.000999063006020151,5.0648042815737426e-05,3.370305057615042e-05,0.000397437994251959,0.00014962602290324867,0.0
15.0,260,RMP,optimized,0.0005212670075707138,4.4622967834584415e-05,2.9169998015277088e-05,0.00011529600305948406,0.00013513599697034806,0.00010582999675534666
15.0,261,RMP,baseline,0.0016643179988022894,9.376800153404474e-05,6.068899529054761e-05,0.0006650250143138692,0.00024486801703460515,0.0
15.0,261,RMP,optimized,0.0006128999957581982,4.542298847809434e-05,6.162101635709405e-05,0.00013456301530823112,0.00015030105714686215,0.0001248640037374571
15.0,262,RMP,baseline,0.0010078280029119924,5.393799801822752e-05,6.682300590910017e-05,0.0003834260132862255,0.00015254200843628496,0.0
15.0,262,RMP,optimized,0.0005605199985438958,5.044396675657481e-05,2.7885049348697066e-05,0.00014608298079110682,0.00014186596672516316,0.00011606398038566113
15.0,263,RMP,baseline,0.0019405659986659884,6.297598883975297e-05,5.6864009820856154e-05,0.0009089249942917377,0.0002633700205478817,0.0
15.0,263,RMP,optimized,0.001016905007418245,7.057801121845841e-05,3.9959981222637e-05,0.0001847369858296588,0.00028926198137924075,0.00016760996368248016
15.0,264,RMP,baseline,0.0009939139999914914,5.5271986639127135e-05,3.290700260549784e-05,0.00037407099443953484,0.0001519149955129251,0.0
15.0,264,RMP,optimized,0.0005089460028102621,5.001896352041513e-05,2.5877016014419496e-05,0.00010884299990721047,0.0001461380597902462,0.00010413500422146171
15.0,265,RMP,baseline,0.0008915740036172792,4.315197293180972e-05,2.993999805767089e-05,0.0003566389932530001,0.00012997099838685244,0.0
15.0,265,RMP,optimized,0.0006749150052201003,5.074898945167661e-05,3.5209988709539175e-05,0.00014443699910771102,0.00018047897901851684,0.00014808899140916765
15.0,266,RMP,baseline,0.0009099229937419295,5.2660980145446956e-05,3.0768016586080194e-05,0.00036199198802933097,0.00013616798969451338,0.0
15.0,266,RMP,optimized,0.0005432020116131753,6.34940224699676e-05,2.7422982384450734e-05,0.00012778097880072892,0.00013561101513914764,0.00010811396350618452
15.0,267,RMP,baseline,0.0015643719962099567,8.146099571604282e-05,5.887000588700175e-05,0.0005335879686754197,0.00024864204169716686,0.0
15.0,267,RMP,optimized,0.0006986350053921342,0.00011062801058869809,3.420599387027323e-05,0.0001567709696246311,0.00015170902770478278,0.00013694301014766097
15.0,268,RMP,baseline,0.0015905719919828698,6.941898027434945e-05,4.9099980969913304e-05,0.0005312129942467436,0.00023543398128822446,0.0
15.0,268,RMP,optimized,0.0010131369926966727,6.738603406120092e-05,4.711195651907474e-05,0.00028684301651082933,0.00023648103524465114,0.0001865509693743661
15.0,269,RMP,baseline,0.0009976489964174107,5.1536946557462215e-05,3.4594006137922406e-05,0.00038625903835054487,0.00016542102093808353,0.0
15.0,269,RMP,optimized,0.0005006749997846782,4.5075983507558703e-05,2.799301000777632e-05,0.00011686899233609438,0.00012725600390695035,0.00010688594193197787
15.0,270,RMP,baseline,0.0010984719992848113,5.8590027038007975e-05,3.6999976146034896e-05,0.00044626701856032014,0.0001628990430617705,0.0
15.0,270,RMP,optimized,0.00047601701226085424,5.1602983148768544e-05,2.3379005142487586e-05,0.00010566700075287372,0.00012644502567127347,0.00010098599886987358
15.0,271,RMP,baseline,0.0010778809955809265,5.079102993477136e-05,3.796099917963147e-05,0.0003904559853253886,0.0001541839592391625,0.0
15.0,271,RMP,optimized,0.0005141209985595196,4.3140011257492006e-05,2.712701098062098e-05,0.0001144830312114209,0.00014297998859547079,0.00010795799607876688
15.0,272,RMP,baseline,0.0009610570123186335,5.389603029470891e-05,3.518705489113927e-05,0.00036553900281433016,0.00015963398618623614,0.0
15.0,272,RMP,optimized,0.0004736210103146732,5.006499122828245e-05,2.5521047064103186e-05,0.00010277797991875559,0.000126781000290066,9.989200043492019e-05
15.0,273,RMP,baseline,0.0009621819917811081,4.470099520403892e-05,3.237200144212693e-05,0.00037638698995579034,0.00014028399891685694,0.0
15.0,273,RMP,optimized,0.0005466389993671328,5.912601773161441e-05,2.4835026124492288e-05,0.00011570398055482656,0.00013771900557912886,0.00013053401198703796
15.0,274,RMP,baseline,0.0009586800006218255,5.503201100509614e-05,4.319701110944152e-05,0.0003710339806275442,0.00014549106708727777,0.0
15.0,274,RMP,optimized,0.0005030890024499968,4.905698006041348e-05,2.4653985747136176e-05,0.00010867298988159746,0.00013366395432967693,0.0001114590122597292
15.0,275,RMP,baseline,0.0010504509991733357,4.731898661702871e-05,3.4106982639059424e-05,0.0004135269846301526,0.000162479977007024,0.0
15.0,275,RMP,optimized,0.001067981997039169,6.980399484746158e-05,6.608397234231234e-05,0.00022181104577612132,0.00023128301836550236,0.0003476019774097949
15.0,276,RMP,baseline,0.001104087001294829,6.115002906881273e-05,4.0556013118475676e-05,0.00046026000927668065,0.0001764960470609367,0.0
15.0,276,RMP,optimized,0.0005607350030913949,5.103499279357493e-05,2.7582005714066327e-05,0.0001336940476903692,0.00014304500655271113,0.0001280659926123917
15.0,277,RMP,baseline,0.0009383120050188154,4.531597369350493e-05,3.5813995054923e-05,0.00036037102108821273,0.00014025998825673014,0.0
15.0,277,RMP,optimized,0.0005056069931015372,4.147501022089273e-05,2.766599936876446e-05,0.00011310003174003214,0.00014308201207313687,0.00010688301699701697
15.0,278,RMP,baseline,0.0014196229894878343,8.219105075113475e-05,4.9116977606900036e-05,0.0005032170302001759,0.0002654439740581438,0.0
15.0,278,RMP,optimized,0.0007510659925173968,0.00010366700007580221,3.8003025110810995e-05,0.000202746014110744,0.00016648198652546853,0.00014277400623541325
15.0,279,RMP,baseline,0.0012850470084231347,6.560001929756254e-05,4.86590142827481e-05,0.0005173569807084277,0.0001794689887901768,0.0
15.0,279,RMP,optimized,0.0004969330038875341,4.260899731889367e-05,2.6147972675971687e-05,0.00011919598910026252,0.00012656397302635014,0.00010640799882821739
15.0,280,RMP,baseline,0.0012121250038035214,6.742996629327536e-05,4.3087973608635366e-05,0.0004650390037568286,0.00019099400378763676,0.0
15.0,280,RMP,optimized,0.0005296120070852339,5.093000072520226e-05,2.5694025680422783e-05,0.00012309801240917295,0.00013776400010101497,0.00010881801426876336
15.0,281,RMP,baseline,0.0010185689898207784,8.507198072038591e-05,3.604100493248552e-05,0.00040081902989186347,0.00014538403775077313,0.0
15.0,281,RMP,optimized,0.0005115130043122917,5.929103645030409e-05,2.7093003154732287e-05,0.00011549500050023198,0.00012547402002383024,0.00010710397327784449
15.0,282,RMP,baseline,0.0008930129988584667,5.1960989367216825e-05,2.8362002922222018e-05,0.0003498619480524212,0.0001366010110359639,0.0
15.0,282,RMP,optimized,0.0006157690077088773,5.90300332987681e-05,3.0434996006079018e-05,0.00013687201135326177,0.0001588610466569662,0.00011950700718443841
15.0,283,RMP,baseline,0.001312021995545365,6.302603287622333e-05,4.484195960685611e-05,0.0004626909940270707,0.00022048296523280442,0.0
15.0,283,RMP,optimized,0.0008958730031736195,7.218695827759802e-05,4.66250057797879e-05,0.00020417201449163258,0.00024800398387014866,0.00019597899517975748
15.0,284,RMP,baseline,0.0009502530010649934,5.4119969718158245e-05,3.2503012334927917e-05,0.00037028601218480617,0.00014393201854545623,0.0
15.0,284,RMP,optimized,0.0005692849954357371,5.5756987421773374e-05,3.0004011932760477e-05,0.00012178599718026817,0.00014747602108400315,0.00011122599244117737
15.0,285,RMP,baseline,0.0009925429912982509,4.535901825875044e-05,3.2943993574008346e-05,0.00037273399357218295,0.00013719996786676347,0.0
15.0,285,RMP,optimized,0.0005337799957487732,4.46940102847293e-05,2.8840047889389098e-05,0.00012373598292469978,0.00013898502220399678,0.00011089401959907264
15.0,286,RMP,baseline,0.0015421410062117502,6.653204036410898e-05,4.291303048375994e-05,0.0007394890126306564,0.00019741797586902976,0.0
15.0,286,RMP,optimized,0.0005935529916314408,5.3975003538653255e-05,4.9951006076298654e-05,0.00013333698734641075,0.00014628100325353444,0.0001172840129584074
15.0,287,RMP,baseline,0.0009536119905533269,4.407002415973693e-05,3.1064017093740404e-05,0.00038892200973350555,0.00013860301987733692,0.0
15.0,287,RMP,optimized,0.0009280289959860966,5.6980992667376995e-05,4.984498082194477e-05,0.00023223900643642992,0.0002393229806330055,0.00016209603927563876
15.0,288,RMP,baseline,0.0010963489912683144,6.125500658527017e-05,4.0166007238440216e-05,0.0004164579731877893,0.0002007570001296699,0.0
15.0,288,RMP,optimized,0.0005855619965586811,5.485600559040904e-05,2.896503428928554e-05,0.00014452401956077665,0.00015400396659970284,0.00011702600750140846
15.0,289,RMP,baseline,0.0008818380010779947,4.275396349839866e-05,2.9616974643431604e-05,0.0003512120310915634,0.00013136801135260612,0.0
15.0,289,RMP,optimized,0.0005172859964659438,4.145700950175524e-05,4.441299824975431e-05,0.0001146530412370339,0.00012667602277360857,0.00011339796765241772
15.0,290,RMP,baseline,0.0010013830033130944,5.5010998039506376e-05,3.368403122294694e-05,0.000403953978093341,0.00014981596905272454,0.0
15.0,290,RMP,optimized,0.0005033689958509058,4.8797010094858706e-05,4.133293987251818e-05,0.00011006002023350447,0.00012671701551880687,0.00010450201807543635
15.0,291,RMP,baseline,0.0009507179929642007,4.554698534775525e-05,3.104799543507397e-05,0.00039174602716229856,0.00015239899221342057,0.0
15.0,291,RMP,optimized,0.0004510979924816638,3.9880978874862194e-05,2.3471031454391778e-05,0.00010300797293893993,0.00011659202573355287,9.797501843422651e-05
15.0,292,RMP,baseline,0.000966571009485051,5.5285971029661596e-05,3.343600837979466e-05,0.0003813050134340301,0.00014940598339308053,0.0
15.0,292,RMP,optimized,0.0005477820086525753,5.245300417300314e-05,2.7268004487268627e-05,0.00011730300320778042,0.00016388995572924614,0.00010774702241178602
15.0,293,RMP,baseline,0.0010037960018962622,4.5967986807227135e-05,3.815499076154083e-05,0.00038292398676276207,0.00015939399600028992,0.0
15.0,293,RMP,optimized,0.0005028750019846484,5.343098018784076e-05,2.7678004698827863e-05,0.00011098299000877887,0.00012784604041371495,0.00010681698040571064
15.0,294,RMP,baseline,0.0019473230058792979,5.931100167799741e-05,3.988602838944644e-05,0.0010487989784451202,0.000219389985431917,0.0
15.0,294,RMP,optimized,0.0006008579948684201,5.609501386061311e-05,3.188202390447259e-05,0.000132383982418105,0.0001736310077831149,0.00011887997970916331
15.0,295,RMP,baseline,0.000967091997154057,4.791199171449989e-05,3.968398959841579e-05,0.00037628202699124813,0.00015409698244184256,0.0
15.0,295,RMP,optimized,0.0008201699965866283,4.552998871076852e-05,4.975500633008778e-05,0.00013906402455177158,0.00015574296412523836,0.00015763301053084433
15.0,296,RMP,baseline,0.0010281129943905398,5.515701195690781e-05,3.358998219482601e-05,0.00040938498568721116,0.00015479599824175239,0.0
15.0,296,RMP,optimized,0.0005058829992776737,5.07119984831661e-05,2.5784014724195004e-05,0.00011361001816112548,0.00012957998842466623,0.00010724898311309516
15.0,297,RMP,baseline,0.0009317929943790659,4.445498052518815e-05,3.118398308288306e-05,0.00037165901449043304,0.00013783898612018675,0.0
15.0,297,RMP,optimized,0.0005506159941432998,4.501397779677063e-05,2.8477035812102258e-05,0.00012314300693105906,0.0001514960458735004,0.00011350902786944062
15.0,298,RMP,baseline,0.0011196840059710667,6.500301242340356e-05,4.149104643147439e-05,0.00042826902063097805,0.00018460900173522532,0.0
15.0,298,RMP,optimized,0.0005508350004674867,7.249898044392467e-05,2.8584981919266284e-05,0.00012390596384648234,0.00013783201575279236,0.00011259701568633318
15.0,299,RMP,baseline,0.0009434299863642082,4.78389993077144e-05,3.48679895978421e-05,0.000363773011486046,0.0001401450135745108,0.0
15.0,299,RMP,optimized,0.000675716990372166,0.0001297939452342689,3.3241973142139614e-05,0.0001333170075668022,0.00014670997916255146,0.00012901300215162337
20.0,0,RMP,baseline,0.0012659870117204264,5.102100840304047e-05,5.878599768038839e-05,0.0005289020191412419,0.0001657439861446619,0.0
20.0,0,RMP,optimized,0.0004974549956386909,4.143692785874009e-05,2.4973051040433347e-05,0.00011106199235655367,0.0001293969980906695,0.00010715701500885189
20.0,1,RMP,baseline,0.0010124230029759929,4.814901330973953e-05,4.883699875790626e-05,0.00038279798172879964,0.00014709799143020064,0.0
20.0,1,RMP,optimized,0.0005029770109103993,4.1697974666021764e-05,2.674601273611188e-05,0.00011630500375758857,0.00012209800479467958,0.00010581397509668022
20.0,2,RMP,baseline,0.0009998679888667539,4.7579946112819016e-05,4.4603017158806324e-05,0.00038520796806551516,0.00014551597996614873,0.0
20.0,2,RMP,optimized,0.0005976730026304722,4.6087996452115476e-05,2.9032991733402014e-05,0.00013355007104109973,0.0001518650387879461,0.00014280600589700043
20.0,3,RMP,baseline,0.0012785980070475489,5.205898196436465e-05,5.060496914666146e-05,0.00045922398567199707,0.00019626200082711875,0.0
20.0,3,RMP,optimized,0.0005575079994741827,4.153299960307777e-05,2.820702502503991e-05,0.00011637498391792178,0.00014051496691536158,0.00015071401139721274
20.0,4,RMP,baseline,0.000995847993181087,4.5976979890838265e-05,3.3222007914446294e-05,0.0003860520228045061,0.00015439800336025655,0.0
20.0,4,RMP,optimized,0.0005202350002946332,4.1696985135786235e-05,3.2772019039839506e-05,0.00011805504618678242,0.00012999499449506402,0.00012170700938440859
20.0,5,RMP,baseline,0.001247476990101859,5.0662041758187115e-05,3.986396768596023e-05,0.0004203849966870621,0.00018525999621488154,0.0
20.0,5,RMP,optimized,0.0005818979989271611,4.548703145701438e-05,2.992397639900446e-05,0.0001309190265601501,0.0001414119906257838,0.00013279500126373023
20.0,6,RMP,baseline,0.0010366229980718344,4.981402889825404e-05,5.00169990118593e-05,0.00041453495214227587,0.00014832204033154994,0.0
20.0,6,RMP,optimized,0.0005309819971444085,4.274504317436367e-05,2.6324953068979084e-05,0.00012073699326720089,0.00013105900143273175,0.00012986297952011228
20.0,7,RMP,baseline,0.0010526660043979064,4.845796502195299e-05,4.542502574622631e-05,0.0003907180071109906,0.00015827598690520972,0.0
20.0,7,RMP,optimized,0.0005727139941882342,6.157100142445415e-05,3.0862996936775744e-05,0.00014121903222985566,0.00013482202484738082,0.00011650695523712784
20.0,8,RMP,baseline,0.0010565179982222617,5.1138034905306995e-05,3.786203160416335e-05,0.00042061798740178347,0.00015498102584388107,0.0
20.0,8,RMP,optimized,0.0006284830014919862,0.00012870300270151347,2.9416027246043086e-05,0.00012636704195756465,0.00013641400437336415,0.00011945700680371374
20.0,9,RMP,baseline,0.0009603559883544222,4.605995491147041e-05,3.139399632345885e-05,0.00037899000744801015,0.00014340697089210153,0.0
20.0,9,RMP,optimized,0.0005559349956456572,4.5545981265604496e-05,3.079599991906434e-05,0.00013932101137470454,0.0001405010261805728,0.0001193369971588254
20.0,10,RMP,baseline,0.0009980090108001605,4.703899321611971e-05,3.499099693726748e-05,0.00040337802784051746,0.00014678601291961968,0.0
20.0,10,RMP,optimized,0.0006569339893758297,5.712099664378911e-05,3.709699376486242e-05,0.00014813199231866747,0.00016947698895819485,0.00012965199130121619
20.0,11,RMP,baseline,0.0009580010082572699,4.62640164187178e-05,3.260697121731937e-05,0.0003925270139006898,0.00013870999100618064,0.0
20.0,11,RMP,optimized,0.0005913499917369336,5.054098437540233e-05,2.8381022275425494e-05,0.000164072000188753,0.0001471230061724782,0.00011244001507293433
20.0,12,RMP,baseline,0.0011919829994440079,5.341805808711797e-05,5.913499626331031e-05,0.0004777490103151649,0.00017919598030857742,0.0
20.0,12,RMP,optimized,0.0005607280036201701,4.92750114062801e-05,2.8645023121498525e-05,0.0001294879912165925,0.00014622401795350015,0.00012075800623279065
20.0,13,RMP,baseline,0.0013838140002917498,6.238701462280005e-05,5.3410971304401755e-05,0.0005493099888553843,0.00021161898621357977,0.0
20.0,13,RMP,optimized,0.0007895600137999281,5.1552022341638803e-05,3.8184007280506194e-05,0.00016496298485435545,0.00020975300867576152,0.00020598397532012314
20.0,14,RMP,baseline,0.0009439169953111559,4.776193236466497e-05,3.308302257210016e-05,0.0003716649953275919,0.00014090398326516151,0.0
20.0,14,RMP,optimized,0.0006197409966262057,4.743094905279577e-05,3.269100852776319e-05,0.00013724301243200898,0.0001886639802251011,0.00011596798140089959
20.0,15,RMP,baseline,0.0015746599965495989,8.21729627205059e-05,5.8659978094510734e-05,0.000586418027523905,0.0002910780312959105,0.0
20.0,15,RMP,optimized,0.0009644069941714406,0.00010445600491948426,4.9870010116137564e-05,0.00023864801914896816,0.000190213046153076,0.00018729502335190773
20.0,16,RMP,baseline,0.0009586439991835505,4.5382039388641715e-05,4.3522013584151864e-05,0.0003749440220417455,0.0001428039831807837,0.0
20.0,16,RMP,optimized,0.0005577090050792322,4.398402234073728e-05,2.9156013624742627e-05,0.00013902697537560016,0.00013726604811381549,0.00012369692558422685
20.0,17,RMP,baseline,0.0017979599942918867,7.927196566015482e-05,8.000295201782137e-05,0.0006617150356760249,0.00031322994618676603,0.0
20.0,17,RMP,optimized,0.0006677899946225807,5.32910053152591e-05,3.423300222493708e-05,0.00015781998808961362,0.000175073990249075,0.000144944031490013
20.0,18,RMP,baseline,0.001015927002299577,5.041803524363786e-05,3.612201544456184e-05,0.0004114190087420866,0.00015561496547888964,0.0
20.0,18,RMP,optimized,0.00048053999489638954,4.187400918453932e-05,2.4913999368436635e-05,0.00010999500227626413,0.0001243450096808374,0.00010498100891709328
20.0,19,RMP,baseline,0.0013403659977484494,5.6583943660371006e-05,4.6770001063123345e-05,0.00048779397911857814,0.00020140303240623325,0.0
20.0,19,RMP,optimized,0.0006827069883001968,5.40610053576529e-05,3.449905489105731e-05,0.00015755597269162536,0.00019100999634247273,0.00013571696763392538
20.0,20,RMP,baseline,0.001128821008023806,5.6998993386514485e-05,3.881700104102492e-05,0.000458451992017217,0.0001807859807740897,0.0
20.0,20,RMP,optimized,0.0004954839969286695,4.2108018533326685e-05,2.5143017410300672e-05,0.00011612397793214768,0.00012638499902095646,0.00010947800183203071
20.0,21,RMP,baseline,0.0011129589984193444,5.167999188415706e-05,3.896297130268067e-05,0.0004110119480174035,0.0001795719872461632,0.0
20.0,21,RMP,optimized,0.0005654870037687942,4.9492999096401036e-05,3.039097646251321e-05,0.00012817404058296233,0.0001446799869881943,0.00011954695219174027
20.0,22,RMP,baseline,0.001017528004013002,4.7712979721836746e-05,4.0728002204559743e-05,0.00039567599014844745,0.00014876798377372324,0.0
20.0,22,RMP,optimized,0.0007384539931081235,4.5298016630113125e-05,2.9656992410309613e-05,0.0002673969720490277,0.00016757599951233715,0.00011776198516599834
20.0,23,RMP,baseline,0.0010640469990903512,4.870699194725603e-05,3.8214027881622314e-05,0.00039852004556450993,0.00017152899818029255,0.0
20.0,23,RMP,optimized,0.0005695110012311488,4.564398841466755e-05,2.894000499509275e-05,0.0001284480094909668,0.00013913899601902813,0.0001401339832227677
20.0,24,RMP,baseline,0.0011604100000113249,5.870001041330397e-05,4.5886015868745744e-05,0.00046467500214930624,0.00016671200864948332,0.0
20.0,24,RMP,optimized,0.0005368659913074225,4.470301792025566e-05,2.685301296878606e-05,0.00011910198372788727,0.00013497102190740407,0.0001282230077777058
20.0,25,RMP,baseline,0.0009924789919750765,4.803897172678262e-05,3.71329952031374e-05,0.00039426198054570705,0.00015132204862311482,0.0
20.0,25,RMP,optimized,0.0004912080039503053,4.232398350723088e-05,2.6636975235305727e-05,0.00011357205221429467,0.00012428399350028485,0.00010570498125161976
20.0,26,RMP,baseline,0.0010570099984761328,4.8658985178917646e-05,3.6258992622606456e-05,0.00042228699021507055,0.00014926404401194304,0.0
20.0,26,RMP,optimized,0.0005574810056714341,6.358798418659717e-05,2.949102781713009e-05,0.00012241900549270213,0.0001391320110997185,0.00011798099149018526
20.0,27,RMP,baseline,0.00101608999830205,5.1805967814289033e-05,4.138193617109209e-05,0.0004061810323037207,0.000148624021676369,0.0
20.0,27,RMP,optimized,0.000549587988643907,4.5652996050193906e-05,2.842801040969789e-05,0.0001278090348932892,0.00013786499039269984,0.00011473502672743052
20.0,28,RMP,baseline,0.0011723189963959157,5.257004522718489e-05,4.196798545308411e-05,0.00045888002205174416,0.00019185901328455657,0.0
20.0,28,RMP,optimized,0.0004963760002283379,4.225500742904842e-05,2.4769979063421488e-05,0.00011779698252212256,0.00012474498362280428,0.0001087179989553988
20.0,29,RMP,baseline,0.0009294400078942999,4.537498170975596e-05,3.2576994271948934e-05,0.0003728689916897565,0.00013711598876398057,0.0
20.0,29,RMP,optimized,0.000508580997120589,4.216399975121021e-05,2.8825030312873423e-05,0.00011307302338536829,0.00013658296666108072,0.00010834200656972826
20.0,30,RMP,baseline,0.0010140700032934546,4.830896796192974e-05,3.630500577855855e-05,0.00041401297494303435,0.00014937501691747457,0.0
20.0,30,RMP,optimized,0.0005000430101063102,4.2207015212625265e-05,2.649205271154642e-05,0.00011476104555185884,0.00012714597687590867,0.00011009401350747794
20.0,31,RMP,baseline,0.0009790589974727482,4.8379020881839097e-05,3.826002648565918e-05,0.00038655599928461015,0.0001428760151611641,0.0
20.0,31,RMP,optimized,0.00047996699868235737,4.2136976844631135e-05,2.5254994397982955e-05,0.00011168999481014907,0.00012699705257546157,0.00010503598605282605
20.0,32,RMP,baseline,0.0010543999960646033,4.889104457106441e-05,3.773799107875675e-05,0.00041649601189419627,0.00015923698083497584,0.0
20.0,32,RMP,optimized,0.001612421008758247,0.00012231296568643302,7.146199641283602e-05,0.0003561300545698032,0.0005415320192696527,0.00023266905918717384
20.0,33,RMP,baseline,0.0010253020009258762,4.791299579665065e-05,3.598301555030048e-05,0.0003959760215366259,0.0001507540000602603,0.0
20.0,33,RMP,optimized,0.0005990339996060356,4.211896157357842e-05,2.784599200822413e-05,0.0001933430030476302,0.00013463398499879986,0.00011201095185242593
20.0,34,RMP,baseline,0.0012133500131312758,5.846397834829986e-05,4.2603001929819584e-05,0.0004820600152015686,0.00019196605717297643,0.0
20.0,34,RMP,optimized,0.0005290720000630245,4.509100108407438e-05,2.6940993848256767e-05,0.0001241429999936372,0.00013450603000819683,0.00011524197179824114
20.0,35,RMP,baseline,0.000955841998802498,4.708502092398703e-05,3.333300992380828e-05,0.0003725750284502283,0.00014045399439055473,0.0
20.0,35,RMP,optimized,0.000576828999328427,4.632399941328913e-05,2.9633010854013264e-05,0.0001355409767711535,0.00015638700278941542,0.00011712798732332885
20.0,36,RMP,baseline,0.002592673001345247,8.978397818282247e-05,7.06269929651171e-05,0.0009984649950638413,0.0004041890351800248,0.0
20.0,36,RMP,optimized,0.001695785002084449,0.00019937899196520448,0.00011555798118934035,0.000359218058292754,0.0004652860079659149,0.0003549619868863374
20.0,37,RMP,baseline,0.0019377880089450628,0.0001684409799054265,9.498703002464026e-05,0.0006275830237427726,0.00034516400774009526,0.0
20.0,37,RMP,optimized,0.0007207849994301796,7.317896233871579e-05,4.177600203547627e-05,0.00016480800695717335,0.00017616494733374566,0.00014374697639141232
20.0,38,RMP,baseline,0.0010124779946636409,5.012196197640151e-05,4.696099495049566e-05,0.0003938029840355739,0.00014270399697124958,0.0
20.0,38,RMP,optimized,0.0004960869991919026,4.319795698393136e-05,2.6176043320447206e-05,0.00011044301209039986,0.00012905699259135872,0.00010715903772506863
20.0,39,RMP,baseline,0.0012194580049254,6.398699770215899e-05,4.550501762423664e-05,0.0005039230018155649,0.00018202299543190747,0.0
20.0,39,RMP,optimized,0.0005073049978818744,4.359101876616478e-05,2.7553949621506035e-05,0.00012135105498600751,0.0001266530016437173,0.00011183704191353172
20.0,40,RMP,baseline,0.0009995970031013712,4.6661996748298407e-05,3.4228971344418824e-05,0.0004041969950776547,0.00014681396714877337,0.0
20.0,40,RMP,optimized,0.0004945429973304272,4.3285981519147754e-05,2.562400186434388e-05,0.00011567099136300385,0.0001272490044357255,0.00010652397759258747
20.0,41,RMP,baseline,0.0013888420071452856,6.249902071431279e-05,4.946599074173719e-05,0.0005179260042496026,0.00025878001179080456,0.0
20.0,41,RMP,optimized,0.000990772998193279,9.912997484207153e-05,5.906204751227051e-05,0.0002026479778578505,0.000278703955700621,0.00018126796931028366
20.0,42,RMP,baseline,0.0009665670077083632,4.638699465431273e-05,4.48829960078001e-05,0.0003854560200124979,0.00013691502681467682,0.0
20.0,42,RMP,optimized,0.00054144200112205,4.5846987632103264e-05,2.8466980438679457e-05,0.00011780799832195044,0.0001509349822299555,0.00011512500350363553
20.0,43,RMP,baseline,0.001051779996487312,4.9627022235654294e-05,3.7643942050635815e-05,0.0004117409698665142,0.0001519130019005388,0.0
20.0,43,RMP,optimized,0.0005294370057526976,4.3952022679150105e-05,2.747800317592919e-05,0.00012767199950758368,0.00013264697918202728,0.00011327900574542582
20.0,44,RMP,baseline,0.0020981340057915077,7.093898602761328e-05,7.44129647500813e-05,0.000611141964327544,0.0004602219851221889,0.0
20.0,44,RMP,optimized,0.0012851770006818697,0.00014427000132855028,0.00011905001883860677,0.00025413298862986267,0.0002926689921878278,0.00024786496942397207
20.0,45,RMP,baseline,0.001056791006703861,4.931197327096015e-05,3.585495869629085e-05,0.0003984099894296378,0.00015778698434587568,0.0
20.0,45,RMP,optimized,0.0005600539880106226,4.62680181954056e-05,2.9316041036508977e-05,0.0001309489889536053,0.00014012999599799514,0.0001330119848717004
20.0,46,RMP,baseline,0.0011910829925909638,6.68749853502959e-05,4.563602851703763e-05,0.00045884796418249607,0.00019208298181183636,0.0
20.0,46,RMP,optimized,0.000657985990983434,5.161498847883195e-05,4.5617998694069684e-05,0.00015955000708345324,0.00017886696150526404,0.0001280809665331617
20.0,47,RMP,baseline,0.0009827070025494322,4.635499499272555e-05,4.9335998483002186e-05,0.0003909290098818019,0.000138602961669676,0.0
20.0,47,RMP,optimized,0.0004864169895881787,4.2507017496973276e-05,2.5832021492533386e-05,0.00011104700388386846,0.00012470496585592628,0.00010677300451789051
20.0,48,RMP,baseline,0.0012542149925138801,5.7958008255809546e-05,6.166701496113092e-05,0.0004836370062548667,0.00019787898054346442,0.0
20.0,48,RMP,optimized,0.0005964820011286065,5.118300032336265e-05,3.0982017051428556e-05,0.00013690302148461342,0.00015907498891465366,0.00012561897165142
20.0,49,RMP,baseline,0.0021481169969774783,9.363795106764883e-05,8.565804455429316e-05,0.0008173110254574567,0.00035700401349458843,0.0
20.0,49,RMP,optimized,0.0014127789909252897,9.976900764741004e-05,0.00011998094851151109,0.0003415120008867234,0.00034201095695607364,0.00034872601099777967
20.0,50,RMP,baseline,0.002363271007197909,9.648400009609759e-05,8.832497405819595e-05,0.0008910870237741619,0.0003896790440194309,0.0
20.0,50,RMP,optimized,0.0010650019976310432,7.201997505035251e-05,5.581299774348736e-05,0.00024317795759998262,0.00028096399910282344,0.00020647799829021096
20.0,51,RMP,baseline,0.001104366994695738,5.1462004194036126e-05,3.928395744878799e-05,0.0004560509987641126,0.00015781100955791771,0.0
20.0,51,RMP,optimized,0.0006178330077091232,6.528597441501915e-05,4.7572029870934784e-05,0.000129471009131521,0.00014363299123942852,0.0001372259866911918
20.0,52,RMP,baseline,0.0011554359953152016,6.797100650146604e-05,3.954902058467269e-05,0.0004579419910442084,0.0001646220189286396,0.0
20.0,52,RMP,optimized,0.0005526430031750351,4.5962020521983504e-05,2.8058013413101435e-05,0.00013374605623539537,0.00014027298311702907,0.00012216805771458894
20.0,53,RMP,baseline,0.0010834470012923703,5.0713977543637156e-05,3.800496051553637e-05,0.0004137800133321434,0.00017297898011747748,0.0
20.0,53,RMP,optimized,0.0004798890004167333,4.245500895194709e-05,2.446300641167909e-05,0.00010995598859153688,0.00012386597518343478,0.00010580199887044728
20.0,54,RMP,baseline,0.0010143949912162498,4.8721994971856475e-05,3.5463031963445246e-05,0.00041562001570127904,0.00014595505490433425,0.0
20.0,54,RMP,optimized,0.000488702004076913,4.3163017835468054e-05,2.555799437686801e-05,0.00011188097414560616,0.00012568800593726337,0.00010659998224582523
20.0,55,RMP,baseline,0.000977999996393919,4.839994653593749e-05,3.356901288498193e-05,0.0003897179994964972,0.00014416201156564057,0.0
20.0,55,RMP,optimized,0.0005942620045971125,4.5393011532723904e-05,3.029403160326183e-05,0.00016654602950438857,0.00014654801634605974,0.00011829199502244592
20.0,56,RMP,baseline,0.00110638199839741,5.0004018703475595e-05,4.414298746269196e-05,0.0004770830273628235,0.00015578899183310568,0.0
20.0,56,RMP,optimized,0.0006232169980648905,4.5742999645881355e-05,4.173099296167493e-05,0.0001282239827560261,0.00019673703354783356,0.00012133298150729388
20.0,57,RMP,baseline,0.0009909180080285296,4.785299825016409e-05,4.2740022763609886e-05,0.0003977430023951456,0.00014183098392095417,0.0
20.0,57,RMP,optimized,0.0004850510013056919,4.211798659525812e-05,2.4336957721970975e-05,0.00011077105591539294,0.00012439399142749608,0.00010867202945519239
20.0,58,RMP,baseline,0.001126043003750965,5.111903010401875e-05,5.835997581016272e-05,0.00042114000825677067,0.00015463696036022156,0.0
20.0,58,RMP,optimized,0.0006070059898775071,4.663997970055789e-05,3.019698488060385e-05,0.0001671460340730846,0.00014936100342310965,0.00012443495506886393
20.0,59,RMP,baseline,0.0010383769986219704,4.994700429961085e-05,3.526199725456536e-05,0.00042118303827010095,0.0001494340249337256,0.0
20.0,59,RMP,optimized,0.0005050849867984653,4.412296402733773e-05,2.7532005333341658e-05,0.00011745297524612397,0.00013041899364907295,0.00011047102452721447
20.0,60,RMP,baseline,0.0015066970081534237,6.462195597123355e-05,5.444696580525488e-05,0.0006390919879777357,0.00023594198864884675,0.0
20.0,60,RMP,optimized,0.0006120000034570694,4.901098145637661e-05,3.0063994927331805e-05,0.0001372670230921358,0.0001502170052845031,0.00012410199269652367
20.0,61,RMP,baseline,0.001107096002670005,5.2045987104065716e-05,3.6603043554350734e-05,0.00043737700616475195,0.00017444895638618618,0.0
20.0,61,RMP,optimized,0.0005819529906148091,4.698600969277322e-05,3.8771977415308356e-05,0.00015009898925200105,0.00014184799510985613,0.0001159950188593939
20.0,62,RMP,baseline,0.002403905993560329,0.000136796006700024,0.00011799500498455018,0.0007229740294860676,0.00040964501386042684,0.0
20.0,62,RMP,optimized,0.0013366659986786544,7.963000098243356e-05,5.92119904467836e-05,0.0003870750078931451,0.0003764429857255891,0.0002816529886331409
20.0,63,RMP,baseline,0.0010323009919375181,5.074701039120555e-05,5.019597301725298e-05,0.0004054850141983479,0.00014885498967487365,0.0
20.0,63,RMP,optimized,0.0005590869986917824,4.403003549668938e-05,2.7001966373063624e-05,0.00011984202137682587,0.00013131499872542918,0.00011647603241726756
20.0,64,RMP,baseline,0.0012016920081805438,5.509497714228928e-05,4.11119544878602e-05,0.0004947450361214578,0.0001742189924698323,0.0
20.0,64,RMP,optimized,0.0006052529934095219,4.678101686295122e-05,2.9314018320292234e-05,0.0001373999984934926,0.00013970401778351516,0.00011528597678989172
20.0,65,RMP,baseline,0.0010846110089914873,5.204201443120837e-05,3.716199717018753e-05,0.00044190199696458876,0.00015752299805171788,0.0
20.0,65,RMP,optimized,0.0006085430068196729,4.7477034968324006e-05,3.156901220791042e-05,0.000136722024763003,0.00017631800437811762,0.00012772998888976872
20.0,66,RMP,baseline,0.0010403570049675182,4.962099774274975e-05,3.504498454276472e-05,0.0004043020016979426,0.00015565103967674077,0.0
20.0,66,RMP,optimized,0.0006278180080698803,5.60469925403595e-05,3.0396986403502524e-05,0.00014510699838865548,0.00017281199689023197,0.00012299504305701703
20.0,67,RMP,baseline,0.0011187229974893853,5.214600241743028e-05,5.494305514730513e-05,0.00043802300933748484,0.00016363398754037917,0.0
20.0,67,RMP,optimized,0.0005987350014038384,4.880501364823431e-05,3.163900692015886e-05,0.00013433900312520564,0.00014817198098171502,0.00014887904399074614
20.0,68,RMP,baseline,0.0010065719980048016,4.9092050176113844e-05,3.319398092571646e-05,0.00038918496284168214,0.0001501560036558658,0.0
20.0,68,RMP,optimized,0.0005837479984620586,4.607798473443836e-05,2.9267030186019838e-05,0.00015399500261992216,0.00014409198774956167,0.00012440301361493766
20.0,69,RMP,baseline,0.002052798998192884,8.90340015757829e-05,7.754599209874868e-05,0.0007797940197633579,0.0003146880044369027,0.0
20.0,69,RMP,optimized,0.0012067230127286166,0.00011029299639631063,6.660001236014068e-05,0.00028125301469117403,0.000298693950753659,0.0002598660212242976
20.0,70,RMP,baseline,0.0009680950024630874,4.999898374080658e-05,3.192097938153893e-05,0.000385015009669587,0.0001403459900757298,0.0
20.0,70,RMP,optimized,0.0005987420008750632,4.968604480382055e-05,3.221801307518035e-05,0.00013256401871331036,0.00016854699060786515,0.0001264340098714456
20.0,71,RMP,baseline,0.0012465450126910582,6.103696068748832e-05,4.520799848251045e-05,0.000490477992570959,0.00020204196334816515,0.0
20.0,71,RMP,optimized,0.0005635129928123206,4.731597437057644e-05,2.8983966330997646e-05,0.0001310799561906606,0.0001444670488126576,0.00012020196299999952
20.0,72,RMP,baseline,0.000982837998890318,4.662202263716608e-05,3.415501851122826e-05,0.00038865797978360206,0.00014339701738208532,0.0
20.0,72,RMP,optimized,0.0005230550013948232,4.583898407872766e-05,2.7515023248270154e-05,0.00012061298184562474,0.00013562901585828513,0.00011163401359226555
20.0,73,RMP,baseline,0.0013063009973848239,6.054599361959845e-05,6.717197538819164e-05,0.00048660098400432616,0.00019954598974436522,0.0
20.0,73,RMP,optimized,0.0006248290010262281,5.133403465151787e-05,3.32559720845893e-05,0.00014090903277974576,0.00016906403470784426,0.00013337400741875172
20.0,74,RMP,baseline,0.0010247820027871057,4.8515983507968485e-05,3.576801100280136e-05,0.00040598298073746264,0.00015509597142226994,0.0
20.0,74,RMP,optimized,0.0005721719935536385,4.5410008169710636e-05,2.9224014724604785e-05,0.00014058499073144048,0.00014360899513121694,0.0001271630171686411
20.0,75,RMP,baseline,0.0010352660028729588,5.1410068408586085e-05,3.775401273742318e-05,0.0004138389340369031,0.00015056200209073722,0.0
20.0,75,RMP,optimized,0.0005783100059488788,4.610701580531895e-05,2.8656970243901014e-05,0.00013016602315474302,0.0001654939987929538,0.00012090599921066314
20.0,76,RMP,baseline,0.0011486580042401329,5.2086994401179254e-05,3.8385012885555625e-05,0.0004490220017032698,0.00016555302136112005,0.0
20.0,76,RMP,optimized,0.0010385799978394061,5.874200724065304e-05,4.6352026402018964e-05,0.0002986579929711297,0.00025199099036399275,0.00021111799287609756
20.0,77,RMP,baseline,0.0010215910006081685,4.95770073030144e-05,3.451101656537503e-05,0.00039755296893417835,0.00014933697821106762,0.0
20.0,77,RMP,optimized,0.0005057439993834123,4.3989974074065685e-05,2.7348985895514488e-05,0.00011621798330452293,0.00013135900371707976,0.00011330598499625921
20.0,78,RMP,baseline,0.002998948999447748,0.00022175002959556878,0.000144246980198659,0.0011744400253519416,0.0004476649482967332,0.0
20.0,78,RMP,optimized,0.0006618670013267547,5.616803537122905e-05,3.672497405204922e-05,0.00015056197298690677,0.00016884499927982688,0.00013104196113999933
20.0,79,RMP,baseline,0.0010730560024967417,5.105996388010681e-05,3.742097760550678e-05,0.00041747601062525064,0.00017846099217422307,0.0
20.0,79,RMP,optimized,0.0005525719898287207,4.581398388836533e-05,2.9969014576636255e-05,0.0001245969906449318,0.00014165298489388078,0.00011662297765724361
20.0,80,RMP,baseline,0.0010478949989192188,5.200898158363998e-05,3.957799344789237e-05,0.0004059060156578198,0.00016143298125825822,0.0
20.0,80,RMP,optimized,0.0006542500050272793,5.321501521393657e-05,3.621797077357769e-05,0.00015745499695185572,0.0001676470274105668,0.00013074396701995283
20.0,81,RMP,baseline,0.0018702490051509812,7.040797208901495e-05,6.35429605608806e-05,0.0006910740048624575,0.0003583620273275301,0.0
20.0,81,RMP,optimized,0.0005975029926048592,4.960299702361226e-05,3.361197013873607e-05,0.0001352269755443558,0.0001639869878999889,0.0001251310168299824
20.0,82,RMP,baseline,0.0010410250106360763,4.947796696797013e-05,3.7097997847013175e-05,0.0004245439195074141,0.00014967401511967182,0.0
20.0,82,RMP,optimized,0.0013003850035602227,0.00011213296966161579,0.00010613602353259921,0.00024388896417804062,0.0004218070098431781,0.00027376296930015087
20.0,83,RMP,baseline,0.0012368099996820092,0.00010772497626021504,8.157797856256366e-05,0.00046412200026679784,0.00016958799096755683,0.0
20.0,83,RMP,optimized,0.0005488589958986267,4.4186992454342544e-05,2.7396978111937642e-05,0.00012220401549711823,0.0001292489905608818,0.00011285599612165242
20.0,84,RMP,baseline,0.000982035999186337,4.971399903297424e-05,3.2409036066383123e-05,0.00038455800677184016,0.00014350599667523056,0.0
20.0,84,RMP,optimized,0.0005448770098155364,4.459002229850739e-05,4.208597238175571e-05,0.000123006000649184,0.0001340580201940611,0.00011776899918913841
20.0,85,RMP,baseline,0.001214809002703987,5.4136005928739905e-05,3.856798866763711e-05,0.0004179749812465161,0.0001520129881100729,0.0
20.0,85,RMP,optimized,0.0005391290033003315,4.4860964408144355e-05,3.109303361270577e-05,0.00012637699546758085,0.00013447202218230814,0.00011593698582146317
20.0,86,RMP,baseline,0.0010864460055017844,4.998002259526402e-05,3.4374999813735485e-05,0.0004322179884184152,0.00018365999858360738,0.0
20.0,86,RMP,optimized,0.0005862560064997524,4.634700599126518e-05,4.027104296255857e-05,0.00014370896678883582,0.00014378101332113147,0.00011837502825073898
20.0,87,RMP,baseline,0.0010446189990034327,5.049299215897918e-05,3.605801612138748e-05,0.0004265399766154587,0.0001490890426794067,0.0
20.0,87,RMP,optimized,0.0006297150102909654,4.462800279725343e-05,2.9251008527353406e-05,0.00013875801232643425,0.00013714798842556775,0.00012718701327685267
20.0,88,RMP,baseline,0.0014424880064325407,6.122000922914594e-05,6.44120154902339e-05,0.0005463129928102717,0.00028236400976311415,0.0
20.0,88,RMP,optimized,0.0005386830016504973,4.774001718033105e-05,2.7865986339747906e-05,0.00012621097266674042,0.0001374800194753334,0.0001191170304082334
20.0,89,RMP,baseline,0.0019008889939868823,6.99930387781933e-05,7.523097156081349e-05,0.0006468979845521972,0.0003416790277697146,0.0
20.0,89,RMP,optimized,0.000746337987948209,5.469899042509496e-05,3.624298551585525e-05,0.00019190297462046146,0.00017722700431477278,0.000146134989336133
20.0,90,RMP,baseline,0.0010974640026688576,5.082896677777171e-05,3.72009671991691e-05,0.00043664901750162244,0.0001578350056661293,0.0
20.0,90,RMP,optimized,0.0005792529991595075,4.7523993998765945e-05,2.8103997465223074e-05,0.00013675494119524956,0.00014608002675231546,0.0001253860245924443
20.0,91,RMP,baseline,0.001034933011396788,5.0179995014332235e-05,3.7331003113649786e-05,0.0004058699560118839,0.0001614500069990754,0.0
20.0,91,RMP,optimized,0.0006083009939175099,4.640500992536545e-05,3.043799370061606e-05,0.00013075997412670404,0.00017511799524072558,0.00012489399523474276
20.0,92,RMP,baseline,0.0009669880091678351,4.7519977670162916e-05,4.210200859233737e-05,0.0003799670375883579,0.00013826601207256317,0.0
20.0,92,RMP,optimized,0.0005501749983523041,4.576801438815892e-05,4.396104486659169e-05,0.0001180689869215712,0.0001431989949196577,0.00011401200026739389
20.0,93,RMP,baseline,0.0011006880085915327,5.207199137657881e-05,5.230400711297989e-05,0.0004330929950810969,0.00015548200462944806,0.0
20.0,93,RMP,optimized,0.0005209670052863657,4.446599632501602e-05,2.6833993615582585e-05,0.00011878499935846776,0.00013257202226668596,0.00011463301780167967
20.0,94,RMP,baseline,0.000971014000242576,4.7070992877706885e-05,3.2450014259666204e-05,0.0003824100276688114,0.0001570899476064369,0.0
20.0,94,RMP,optimized,0.0005271209956845269,4.3467996874824166e-05,2.6752997655421495e-05,0.00011968599574174732,0.00014351701247505844,0.00011158798588439822
20.0,95,RMP,baseline,0.0011509960022522137,6.0801030485890806e-05,4.086304397787899e-05,0.00045683697680942714,0.0001689649943728,0.0
20.0,95,RMP,optimized,0.000580111998715438,4.746801278088242e-05,4.149800224695355e-05,0.0001336779969278723,0.00014587206533178687,0.0001252060174010694
20.0,96,RMP,baseline,0.0010728519991971552,4.997999349143356e-05,3.6115001421421766e-05,0.0004437600146047771,0.00015274093311745673,0.0
20.0,96,RMP,optimized,0.0005059979885118082,4.435202572494745e-05,2.7005968149751425e-05,0.00011412102321628481,0.00013132397725712508,0.00010969495633617043
20.0,97,RMP,baseline,0.001107513002352789,5.109101766720414e-05,3.81379941245541e-05,0.0004143830155953765,0.000165775025379844,0.0
20.0,97,RMP,optimized,0.0005716579908039421,4.8271031118929386e-05,5.084001168143004e-05,0.00012371697812341154,0.00014911805919837207,0.00011712699779309332
20.0,98,RMP,baseline,0.00109650100057479,4.921798245050013e-05,5.6889024563133717e-05,0.0004516389890341088,0.00015595303557347506,0.0
20.0,98,RMP,optimized,0.0005534530064323917,4.6397995902225375e-05,2.939299156423658e-05,0.00013930897694081068,0.0001423150097252801,0.00011327999527566135
20.0,99,RMP,baseline,0.0010678139951778576,4.975999763701111e-05,4.441599594429135e-05,0.0004224849835736677,0.0001615419751033187,0.0
20.0,99,RMP,optimized,0.0005346630059648305,4.4563013943843544e-05,2.738399780355394e-05,0.00011650004307739437,0.00014925302821211517,0.00011172601080033928
20.0,100,RMP,baseline,0.0010777679999591783,5.203300679568201e-05,4.120099765714258e-05,0.0004238889960106462,0.00015374402573797852,0.0
20.0,100,RMP,optimized,0.000604479995672591,4.624201392289251e-05,2.8473950806073844e-05,0.0001317620335612446,0.00016924900410231203,0.00012169900583103299
20.0,101,RMP,baseline,0.001042431002133526,4.8663001507520676e-05,3.561899939086288e-05,0.00042494997614994645,0.00015113697736524045,0.0
20.0,101,RMP,optimized,0.0005032500048400834,4.377099685370922e-05,2.6533016352914274e-05,0.00011478902888484299,0.00012955097190570086,0.00011114598601125181
20.0,102,RMP,baseline,0.0010456820018589497,4.8246016376651824e-05,3.7129997508600354e-05,0.0004138280201004818,0.00015021600120235234,0.0
20.0,102,RMP,optimized,0.0005148449999978766,4.2777988710440695e-05,4.3099018512293696e-05,0.0001157520164269954,0.00012840695853810757,0.00011043300037272274
20.0,103,RMP,baseline,0.001086853997549042,4.8914022045210004e-05,4.489596176426858e-05,0.0004320239677326754,0.00015990099927876145,0.0
20.0,103,RMP,optimized,0.0005877539952052757,5.9817961300723255e-05,3.1117990147322416e-05,0.00013401695468928665,0.00014449497393798083,0.00013027199020143598
20.0,104,RMP,baseline,0.0009828080073930323,4.7840047045610845e-05,3.3162024919874966e-05,0.0003872139932354912,0.00014114099030848593,0.0
20.0,104,RMP,optimized,0.0005709190008928999,4.6986984671093524e-05,3.0135037377476692e-05,0.0001241559803020209,0.00017053101328201592,0.00011559799895621836
20.0,105,RMP,baseline,0.0015914269897621125,6.181999924592674e-05,6.0743041103705764e-05,0.0005159370048204437,0.00047338199510704726,0.0
20.0,105,RMP,optimized,0.0010690710041671991,6.77250063745305e-05,5.273301212582737e-05,0.00027369703457225114,0.00032159204420167953,0.00018758296209853142
20.0,106,RMP,baseline,0.0010559799993643537,5.622598109766841e-05,3.858499985653907e-05,0.0004094139876542613,0.00017716597358230501,0.0
20.0,106,RMP,optimized,0.00047958799405023456,4.2432991904206574e-05,2.4869004846550524e-05,0.00010955697507597506,0.00012446996697690338,0.00010349598596803844
20.0,107,RMP,baseline,0.0011063040001317859,5.214296106714755e-05,5.6343022151850164e-05,0.00043796401587314904,0.00016476794553454965,0.0
20.0,107,RMP,optimized,0.0007937759946798906,4.961698141414672e-05,6.310500612016767e-05,0.00016583502292633057,0.00016201502876356244,0.00023506199067924172
20.0,108,RMP,baseline,0.0009415079985046759,4.633702337741852e-05,4.227799945510924e-05,0.0003686279815156013,0.0001385590003337711,0.0
20.0,108,RMP,optimized,0.0005731199926231056,6.027899507898837e-05,3.061495954170823e-05,0.00012398399121593684,0.00016130998847074807,0.00011675000132527202
20.0,109,RMP,baseline,0.001583977005793713,6.913102697581053e-05,8.644198533147573e-05,0.0005420179659267887,0.0002426819846732542,0.0
20.0,109,RMP,optimized,0.0008079779945546761,5.5195996537804604e-05,7.066097168717533e-05,0.00018845598970074207,0.00017729798855725676,0.00020253098045941442
20.0,110,RMP,baseline,0.0011473170015960932,5.0726011977531016e-05,5.0910006393678486e-05,0.00043680598901119083,0.00017489396850578487,0.0
20.0,110,RMP,optimized,0.0008125880121951923,4.76500135846436e-05,3.539503086358309e-05,0.00014468200970441103,0.00016842696641106158,0.00019144000543747097
20.0,111,RMP,baseline,0.0010455099982209504,5.29029784956947e-05,3.761897096410394e-05,0.00042450998444110155,0.00015048999921418726,0.0
20.0,111,RMP,optimized,0.0006129660032456741,4.8699017497710884e-05,2.9887989512644708e-05,0.00012922599853482097,0.00017066701548174024,0.00011884600098710507
20.0,112,RMP,baseline,0.0010732980008469895,5.092199717182666e-05,3.664502582978457e-05,0.0004304819885874167,0.00016691497876308858,0.0
20.0,112,RMP,optimized,0.000832460995297879,6.432202644646168e-05,6.697299249935895e-05,0.00017726400983519852,0.0002179970033466816,0.00017581503198016435
20.0,113,RMP,baseline,0.0010275660024490207,5.102400609757751e-05,3.521300095599145e-05,0.0004195189831079915,0.0001479009515605867,0.0
20.0,113,RMP,optimized,0.0004969129950040951,4.401300975587219e-05,2.5936009478755295e-05,0.00011264198110438883,0.0001285410107811913,0.00011049701424781233
20.0,114,RMP,baseline,0.0010959490027744323,5.558796692639589e-05,5.0529997679404914e-05,0.00042569202196318656,0.0001569929881952703,0.0
20.0,114,RMP,optimized,0.0005699059984181076,4.724897735286504e-05,3.0392009648494422e-05,0.0001422819768777117,0.00014555097732227296,0.00012026599142700434
20.0,115,RMP,baseline,0.0010916679893853143,5.467503797262907e-05,3.586101229302585e-05,0.0004303589812479913,0.00018240799545310438,0.0
20.0,115,RMP,optimized,0.0005724289949284866,7.246494351420552e-05,2.8277005185373127e-05,0.0001279829884879291,0.00014081201516091824,0.00011895498028025031
20.0,116,RMP,baseline,0.0012492349924286827,0.00013412600674200803,5.331299325916916e-05,0.00047820000327192247,0.000170338069438003,0.0
20.0,116,RMP,optimized,0.000528903998201713,4.573100886773318e-05,2.6716006686910987e-05,0.00012398198305163532,0.0001376189902657643,0.00011497897503431886
20.0,117,RMP,baseline,0.001829896995332092,9.423303708899766e-05,6.206698890309781e-05,0.0007188679883256555,0.00028938402829226106,0.0
20.0,117,RMP,optimized,0.0005750279960921034,4.78890142403543e-05,3.0514973332174122e-05,0.00013543397653847933,0.00014232401736080647,0.00011994197848252952
20.0,118,RMP,baseline,0.0009709919977467507,4.8507979954592884e-05,3.0455979867838323e-05,0.00038576198858208954,0.00014020397793501616,0.0
20.0,118,RMP,optimized,0.0004994490009266883,4.367101064417511e-05,2.63410183833912e-05,0.00011716400331351906,0.0001278500130865723,0.00010960105282720178
20.0,119,RMP,baseline,0.0009610289998818189,4.728800558950752e-05,4.205800360068679e-05,0.0003776719968300313,0.00014099496183916926,0.0
20.0,119,RMP,optimized,0.000518148997798562,6.016499537508935e-05,2.8534021112136543e-05,0.00011501599510665983,0.00013166101416572928,0.00010874999861698598
20.0,120,RMP,baseline,0.0009923899924615398,4.996603820472956e-05,3.428097988944501e-05,0.00038316703285090625,0.0001497069897595793,0.0
20.0,120,RMP,optimized,0.0005665209901053458,4.515095497481525e-05,2.8147012926638126e-05,0.00012807002349290997,0.00016714600496925414,0.00011393199383746833
20.0,121,RMP,baseline,0.0010687619942473248,5.5469005019403994e-05,3.7447025533765554e-05,0.0004086160333827138,0.00015325199638027698,0.0
20.0,121,RMP,optimized,0.0005339420022210106,4.6635002945549786e-05,2.912095806095749e-05,0.00012186697858851403,0.00013946599210612476,0.00011494899808894843
20.0,122,RMP,baseline,0.0019219079986214638,7.349600491579622e-05,6.17669866187498e-05,0.0008487180020892993,0.00029464201361406595,0.0
20.0,122,RMP,optimized,0.0004954680043738335,4.425100632943213e-05,2.732998109422624e-05,0.0001165149878943339,0.00012419802078511566,0.00011102099961135536
20.0,123,RMP,baseline,0.001014320005197078,4.825103678740561e-05,3.3346936106681824e-05,0.00041193494689650834,0.00014773797011002898,0.0
20.0,123,RMP,optimized,0.0005561419966397807,5.263501952867955e-05,3.156597085762769e-05,0.00012646398681681603,0.0001439150219084695,0.0001247369946213439
20.0,124,RMP,baseline,0.0014170989888953045,9.411701466888189e-05,6.55049952911213e-05,0.0004963079845765606,0.00022617600916419178,0.0
20.0,124,RMP,optimized,0.000547964998986572,4.4114975025877357e-05,2.70919845206663e-05,0.00012975801655557007,0.0001368599769193679,0.00012388700270093977
20.0,125,RMP,baseline,0.0010512830049265176,4.818396701011807e-05,4.203002026770264e-05,0.0004013989819213748,0.0001700770080788061,0.0
20.0,125,RMP,optimized,0.0005064610013505444,4.382999031804502e-05,2.637303259689361e-05,0.00011352101864758879,0.0001349450321868062,0.00011213199468329549
20.0,126,RMP,baseline,0.0010832959960680455,6.101901817601174e-05,4.0350001654587686e-05,0.000432777960668318,0.00015919598808977753,0.0
20.0,126,RMP,optimized,0.0005336100002750754,4.264098242856562e-05,2.5774992536753416e-05,0.00012203797814436257,0.00012834000517614186,0.00011194699618499726
20.0,127,RMP,baseline,0.0016913169965846464,0.0001293090172111988,0.00011293699208181351,0.0005872930341865867,0.0003085189964622259,0.0
20.0,127,RMP,optimized,0.001142594002885744,9.687899728305638e-05,5.7142009609378874e-05,0.00025087097310461104,0.0003807199973380193,0.00021023002045694739
20.0,128,RMP,baseline,0.0009813259966904297,4.918797640129924e-05,3.399296838324517e-05,0.0003889500512741506,0.00015274499310180545,0.0
20.0,128,RMP,optimized,0.0005178100109333172,4.535500193014741e-05,2.765300450846553e-05,0.0001162550033768639,0.00013344999752007425,0.00010716602264437824
20.0,129,RMP,baseline,0.0014385220129042864,5.502103886101395e-05,3.899898729287088e-05,0.0004516129847615957,0.00030110195802990347,0.0
20.0,129,RMP,optimized,0.001070237995008938,9.074198896996677e-05,5.8194054872728884e-05,0.00024247604596894234,0.0003376469830982387,0.00019806298951152712
20.0,130,RMP,baseline,0.0010434959986014292,4.748298670165241e-05,3.5370030673220754e-05,0.0004060769861098379,0.00015535799320787191,0.0
20.0,130,RMP,optimized,0.0004951749870087951,4.3635969632305205e-05,2.561297151260078e-05,0.00011015895870514214,0.00012937899737153202,0.00010582403047010303
20.0,131,RMP,baseline,0.0013178039953345433,6.69750152155757e-05,5.006001447327435e-05,0.00046979398757684976,0.000285491012618877,0.0
20.0,131,RMP,optimized,0.0005190139927435666,4.447797255124897e-05,2.6259003789164126e-05,0.0001192579948110506,0.00013239098188932985,0.00011215898848604411
20.0,132,RMP,baseline,0.000997529990854673,4.666003223974258e-05,3.1271963962353766e-05,0.00038134797068778425,0.0001515050244051963,0.0
20.0,132,RMP,optimized,0.0005298869946273044,4.217700916342437e-05,2.6161971618421376e-05,0.00011639801959972829,0.00013119098730385303,0.00013404199853539467
20.0,133,RMP,baseline,0.001137168990680948,5.2275005145929754e-05,4.3199019273743033e-05,0.0004538009670795873,0.00017150297935586423,0.0
20.0,133,RMP,optimized,0.000562984001589939,4.725404141936451e-05,2.9919989174231887e-05,0.00013076004688628018,0.00014459398516919464,0.00011999800335615873
20.0,134,RMP,baseline,0.0013913360016886145,5.7707016821950674e-05,6.266699347179383e-05,0.0005154969840077683,0.00021778099471703172,0.0
20.0,134,RMP,optimized,0.0007025300001259893,5.7783021475188434e-05,3.24220018228516e-05,0.00016239499382209033,0.00017709803069010377,0.00013949201093055308
20.0,135,RMP,baseline,0.001079210007446818,6.12130097579211e-05,3.924901830032468e-05,0.00043443402682896703,0.00015133200213313103,0.0
20.0,135,RMP,optimized,0.0004982950049452484,4.233002255205065e-05,2.6513996999710798e-05,0.00011592295777518302,0.00012551603140309453,0.00010896098683588207
20.0,136,RMP,baseline,0.0013865320070181042,6.647002010140568e-05,4.903899389319122e-05,0.0005116209940752015,0.00023853397578932345,0.0
20.0,136,RMP,optimized,0.0008810839935904369,0.00010028299584519118,4.502202500589192e-05,0.00024267498520202935,0.00019162302487529814,0.00016030696860980242
20.0,137,RMP,baseline,0.0010839510068763047,4.934701428283006e-05,3.787201421801001e-05,0.0004281959845684469,0.00017418002244085073,0.0
20.0,137,RMP,optimized,0.0005755560123361647,4.774998524226248e-05,3.2652009394951165e-05,0.00013694199151359499,0.00014511198969557881,0.00012216799950692803
20.0,138,RMP,baseline,0.0016218560049310327,0.0001063559902831912,6.614602170884609e-05,0.0005693940329365432,0.0003380300186108798,0.0
20.0,138,RMP,optimized,0.0010085829999297857,8.208602957893163e-05,4.538700159173459e-05,0.00019968103151768446,0.00026162700669374317,0.0001762719766702503
20.0,139,RMP,baseline,0.0010565520060481504,5.0852002459578216e-05,4.490099672693759e-05,0.0004126720014028251,0.00017108001338783652,0.0
20.0,139,RMP,optimized,0.00048485300794709474,4.2904968722723424e-05,2.5859044399112463e-05,0.00011225102934986353,0.00012504399637691677,0.00010712302173487842
20.0,140,RMP,baseline,0.000998739997157827,4.496303154155612e-05,3.6030978662893176e-05,0.0003918389993486926,0.00014187399938236922,0.0
20.0,140,RMP,optimized,0.0006713429902447388,4.984598490409553e-05,3.5657008993439376e-05,0.0001581949763931334,0.00017434998881071806,0.0001356510038021952
20.0,141,RMP,baseline,0.0011244329944020137,5.195799167267978e-05,3.785997978411615e-05,0.00047087798884604126,0.0001597969967406243,0.0
20.0,141,RMP,optimized,0.0004903949884464964,4.2854982893913984e-05,2.692297857720405e-05,0.00011420001101214439,0.00012450202484615147,0.00010606601426843554
20.0,142,RMP,baseline,0.001003769997623749,4.813101259060204e-05,3.328899038024247e-05,0.0004016109596705064,0.00014899103553034365,0.0
20.0,142,RMP,optimized,0.0005291970010148361,4.5860972022637725e-05,2.7892005164176226e-05,0.00011967497994191945,0.00013844900240655988,0.00011703200289048254
20.0,143,RMP,baseline,0.0010225800069747493,4.774998524226248e-05,3.64589795935899e-05,0.0003916209825547412,0.00016837297880556434,0.0
20.0,143,RMP,optimized,0.0009891540103126317,6.125896470621228e-05,4.9870985094457865e-05,0.00019550796423573047,0.00025771502987481654,0.0002460950054228306
20.0,144,RMP,baseline,0.0013332789967535064,5.85019588470459e-05,6.170797860249877e-05,0.0004796960129169747,0.0002061469858745113,0.0
20.0,144,RMP,optimized,0.0006290999881457537,5.232905095908791e-05,3.199296770617366e-05,0.00013640800898429006,0.00017073398339562118,0.00012818595860153437
20.0,145,RMP,baseline,0.0014398829953279346,5.795797915197909e-05,4.2831990867853165e-05,0.0005913219647482038,0.00022743103909306228,0.0
20.0,145,RMP,optimized,0.0005760659987572581,4.856495070271194e-05,3.1139017664827406e-05,0.00013778495485894382,0.00014511797053273767,0.00012349999451544136
20.0,146,RMP,baseline,0.001020838986732997,4.954400355927646e-05,3.602399374358356e-05,0.0003867120103677735,0.00018891398212872446,0.0
20.0,146,RMP,optimized,0.0004993640031898394,4.4806976802647114e-05,2.7711022994481027e-05,0.0001131579774664715,0.0001272400259040296,0.00010707000910770148
20.0,147,RMP,baseline,0.0014656370040029287,7.455699960701168e-05,6.504396151285619e-05,0.0005574429960688576,0.000245827017351985,0.0
20.0,147,RMP,optimized,0.0006425300089176744,4.687003092840314e-05,3.1059986213222146e-05,0.00014719598402734846,0.0001473609881941229,0.00017015996854752302
20.0,148,RMP,baseline,0.0009636009926907718,4.764994082506746e-05,3.148303949274123e-05,0.000388760949135758,0.00014004003605805337,0.0
20.0,148,RMP,optimized,0.0006027520139468834,4.993901529815048e-05,3.746601578313857e-05,0.00012921802408527583,0.00014706302317790687,0.00013643001148011535
20.0,149,RMP,baseline,0.0012076409911969677,5.25379873579368e-05,5.503495049197227e-05,0.00044064900430385023,0.00020677800057455897,0.0
20.0,149,RMP,optimized,0.0010828430094989017,7.306001498363912e-05,5.760201020166278e-05,0.0002084419975290075,0.00034862602478824556,0.00020003001554869115
20.0,150,RMP,baseline,0.0009467780037084594,4.7834968427196145e-05,3.82049911422655e-05,0.00037189498834777623,0.00014038696826901287,0.0
20.0,150,RMP,optimized,0.00048690399853512645,4.2705010855570436e-05,2.5110013666562736e-05,0.00011166006152052432,0.00012797101226169616,0.00010507799743209034
20.0,151,RMP,baseline,0.0009840960119618103,4.597703809849918e-05,3.370303602423519e-05,0.0004067220143042505,0.0001404199720127508,0.0
20.0,151,RMP,optimized,0.0005452850018627942,4.419700417201966e-05,2.8350972570478916e-05,0.00012219299969729036,0.00013428699458017945,0.00013558598584495485
20.0,152,RMP,baseline,0.0009601130004739389,4.7590991016477346e-05,3.3247037208639085e-05,0.000382449958124198,0.00014233302499633282,0.0
20.0,152,RMP,optimized,0.0004908419941784814,4.315601836424321e-05,2.52650206675753e-05,0.00011141195136588067,0.0001255539827980101,0.000110635970486328
20.0,153,RMP,baseline,0.00109831101144664,5.076198431197554e-05,3.982201451435685e-05,0.0004414779832586646,0.00015306893328670412,0.0
20.0,153,RMP,optimized,0.0005138590058777481,4.142599937040359e-05,3.662898961920291e-05,0.00011202895257156342,0.00012418700498528779,0.00010569301957730204
20.0,154,RMP,baseline,0.0010103149979840964,4.957198689226061e-05,3.6235025618225336e-05,0.0003928210207959637,0.00014786500832997262,0.0
20.0,154,RMP,optimized,0.0004963410028722137,4.1471997974440455e-05,2.490004408173263e-05,0.00010974801261909306,0.00012338800297584385,0.00010525401739869267
20.0,155,RMP,baseline,0.001053332001902163,4.9160997150465846e-05,4.765200719702989e-05,0.00040426097984891385,0.00017225797637365758,0.0
20.0,155,RMP,optimized,0.00048191800306085497,4.199198156129569e-05,2.5214962079189718e-05,0.00011028698645532131,0.00012346901348792017,0.00010684799053706229
20.0,156,RMP,baseline,0.001238922995980829,5.690901889465749e-05,4.332298703957349e-05,0.00042038195533677936,0.00020664201292674989,0.0
20.0,156,RMP,optimized,0.0007951440056785941,5.393395258579403e-05,3.548698441591114e-05,0.00017501400725450367,0.00017879396909847856,0.00021568396186921746
20.0,157,RMP,baseline,0.0009438259876333177,4.535399784799665e-05,2.9906004783697426e-05,0.0003783550055231899,0.00013969902647659183,0.0
20.0,157,RMP,optimized,0.0004966370033798739,4.1738952859304845e-05,2.5199988158419728e-05,0.00011074398935306817,0.0001251920621143654,0.0001159360253950581
20.0,158,RMP,baseline,0.0010616729996399954,5.044198769610375e-05,3.914003900717944e-05,0.0004241459973854944,0.00015828401956241578,0.0
20.0,158,RMP,optimized,0.0005400840018410236,4.404198261909187e-05,4.3427993659861386e-05,0.0001274750247830525,0.00013166398275643587,0.00011348303814884275
20.0,159,RMP,baseline,0.0010001439950428903,4.6240005758590996e-05,4.020203778054565e-05,0.00038640599814243615,0.0001644790027057752,0.0
20.0,159,RMP,optimized,0.00047921300574671477,4.103800165466964e-05,2.5515982997603714e-05,0.00011052400805056095,0.000122951008961536,0.00010628298332449049
20.0,160,RMP,baseline,0.0010719140118453652,4.9708003643900156e-05,4.6286979340948164e-05,0.00042363999818917364,0.00015536697173956782,0.0
20.0,160,RMP,optimized,0.0005998720007482916,5.0727991038002074e-05,3.06590081891045e-05,0.000148734005051665,0.00015675302711315453,0.00013166698045097291
20.0,161,RMP,baseline,0.001124356989748776,5.187898932490498e-05,4.014901060145348e-05,0.00045877302181907,0.00017129103071056306,0.0
20.0,161,RMP,optimized,0.0007230259943753481,6.711602327413857e-05,4.860300396103412e-05,0.00015937698481138796,0.00017358404875267297,0.00013982699601911008
20.0,162,RMP,baseline,0.001224170991918072,5.197500286158174e-05,4.054405144415796e-05,0.0004365550121292472,0.00018775195349007845,0.0
20.0,162,RMP,optimized,0.0005222590116318315,4.599001840688288e-05,3.059598384425044e-05,0.00012015001266263425,0.00013201399997342378,0.00011163298040628433
20.0,163,RMP,baseline,0.0010824199998751283,5.337501352187246e-05,3.6587007343769073e-05,0.00039922002179082483,0.0001697150437394157,0.0
20.0,163,RMP,optimized,0.0005815209879074246,4.966402775608003e-05,3.141201159451157e-05,0.00013615695934277028,0.00014212404494173825,0.00012401498679537326
20.0,164,RMP,baseline,0.001035199995385483,4.80940070701763e-05,4.8991001676768064e-05,0.00039980596920941025,0.00014454803022090346,0.0
20.0,164,RMP,optimized,0.0006607489922316745,5.972899089101702e-05,3.310799365863204e-05,0.00015739002265036106,0.0001567020226502791,0.00015428202459588647
20.0,165,RMP,baseline,0.0011661780008580536,6.435402610804886e-05,3.6280020140111446e-05,0.0004695770039688796,0.00017685400962363929,0.0
20.0,165,RMP,optimized,0.0006359969993354753,6.31800212431699e-05,3.3248026738874614e-05,0.00015847299073357135,0.00016380201850552112,0.00011952396016567945
20.0,166,RMP,baseline,0.0010552730091148987,4.937197081744671e-05,3.7263031117618084e-05,0.0004010369739262387,0.0001587749575264752,0.0
20.0,166,RMP,optimized,0.0004905870009679347,4.360999446362257e-05,2.633602707646787e-05,0.00011145300231873989,0.00012637797044590116,0.0001062149676727131
20.0,167,RMP,baseline,0.0010740209982031956,5.8437028201296926e-05,3.7272024201229215e-05,0.0004078749770997092,0.00019805705233011395,0.0
20.0,167,RMP,optimized,0.0005820350052090362,5.44840149814263e-05,2.8579976060427725e-05,0.0001290340005652979,0.00014823900710325688,0.00013314600801095366
20.0,168,RMP,baseline,0.001048496997100301,4.9363981815986335e-05,3.783905413001776e-05,0.00040300897671841085,0.00017166201723739505,0.0
20.0,168,RMP,optimized,0.0005354129971237853,4.4796979636885226e-05,2.80339882010594e-05,0.00012270301522221416,0.00013506601681001484,0.0001132729958044365
20.0,169,RMP,baseline,0.0017097880045184866,6.661796942353249e-05,4.8914997023530304e-05,0.0007742430025245994,0.000223577008000575,0.0
20.0,169,RMP,optimized,0.0008444949926342815,9.096301801037043e-05,6.584401126019657e-05,0.00017301502521149814,0.0002143489837180823,0.00017994099471252412
20.0,170,RMP,baseline,0.0012134520075051114,6.452098023146391e-05,6.21059734839946e-05,0.0005051400221418589,0.0001750109513523057,0.0
20.0,170,RMP,optimized,0.0005113290098961443,4.309603536967188e-05,2.6891997549682856e-05,0.00012146402150392532,0.00012799199612345546,0.00011320596968289465
20.0,171,RMP,baseline,0.0011112069914815947,5.929096369072795e-05,3.570101398508996e-05,0.0004435939627001062,0.00018339502275921404,0.0
20.0,171,RMP,optimized,0.0005137970001669601,5.2646995754912496e-05,2.6112960767932236e-05,0.00011304601503070444,0.00013609098095912486,0.000107913016108796
20.0,172,RMP,baseline,0.0011754489969462156,7.273402297869325e-05,4.477403126657009e-05,0.0004925220127915964,0.00016363599570468068,0.0
20.0,172,RMP,optimized,0.0005051889893366024,4.468798579182476e-05,2.6671041268855333e-05,0.0001153769699158147,0.00012887797493021935,0.00010951100557576865
20.0,173,RMP,baseline,0.0009602460049791262,5.558895645663142e-05,3.2566022127866745e-05,0.0003760040126508102,0.00014677598665002733,0.0
20.0,173,RMP,optimized,0.0005162509914953262,5.292495188768953e-05,2.5709974579513073e-05,0.0001136210048571229,0.00013622795813716948,0.00010830696555785835
20.0,174,RMP,baseline,0.001560588993015699,0.00010961298539768904,7.290599751286209e-05,0.0005793670279672369,0.0002942220016848296,0.0
20.0,174,RMP,optimized,0.0006337660015560687,5.169000360183418e-05,3.706803545355797e-05,0.00016254003276117146,0.00015617396275047213,0.00013021405902691185
20.0,175,RMP,baseline,0.001104128998122178,5.88770053582266e-05,3.677101631183177e-05,0.0004579739907057956,0.00016845496429596096,0.0
20.0,175,RMP,optimized,0.0006860360008431599,5.862001853529364e-05,3.3701013308018446e-05,0.00014407795970328152,0.0001739070430630818,0.00012254003377165645
20.0,176,RMP,baseline,0.001535910996608436,6.198899063747376e-05,0.00010175502393394709,0.0005363080417737365,0.0002570320066297427,0.0
20.0,176,RMP,optimized,0.0008031439938349649,5.6976990890689194e-05,4.080998769495636e-05,0.00017619896971154958,0.00018829602049663663,0.00021687800472136587
20.0,177,RMP,baseline,0.0010145099950022995,5.7120007113553584e-05,3.381501301191747e-05,0.0003878780116792768,0.0001647920289542526,0.0
20.0,177,RMP,optimized,0.0005652390100294724,5.4938020184636116e-05,2.8987982659600675e-05,0.00013355695409700274,0.00014840898802503943,0.00011723398347385228
20.0,178,RMP,baseline,0.0010252920037601143,5.1219016313552856e-05,3.558803291525692e-05,0.0003997960302513093,0.00017218397988472134,0.0
20.0,178,RMP,optimized,0.0005604309990303591,4.759195144288242e-05,2.9327027732506394e-05,0.0001245070161530748,0.00015777403314132243,0.00011761800851672888
20.0,179,RMP,baseline,0.000909748996491544,4.59380098618567e-05,2.9914022888988256e-05,0.00036200002068653703,0.000134032015921548,0.0
20.0,179,RMP,optimized,0.0004888859984930605,4.312499368097633e-05,2.6760011678561568e-05,0.00010754098184406757,0.00012780899123754352,0.00010646400914993137
20.0,180,RMP,baseline,0.001072457991540432,5.7912024203687906e-05,6.32699957350269e-05,0.00042037801176775247,0.0001583620032761246,0.0
20.0,180,RMP,optimized,0.0005304899968905374,5.4028991144150496e-05,2.8311042115092278e-05,0.00011627301864791662,0.0001409739925293252,0.00011065206490457058
20.0,181,RMP,baseline,0.0010029720142483711,4.8532019718550146e-05,3.407099575269967e-05,0.0003875949914800003,0.00016259695985354483,0.0
20.0,181,RMP,optimized,0.0013211350014898926,6.942202162463218e-05,5.5581011110916734e-05,0.00026701000751927495,0.0002773220185190439,0.00042691298585850745
20.0,182,RMP,baseline,0.0009643000084906816,5.647397483699024e-05,3.2454991014674306e-05,0.0003716869978234172,0.00014800598728470504,0.0
20.0,182,RMP,optimized,0.0006832710059825331,5.994098319206387e-05,3.584701335057616e-05,0.00015377503586933017,0.00017321601626463234,0.000158388982526958
20.0,183,RMP,baseline,0.001007161001325585,4.9566966481506824e-05,3.523398481775075e-05,0.0004113479517400265,0.0001475619792472571,0.0
20.0,183,RMP,optimized,0.000485918004414998,4.3243009713478386e-05,2.6408990379422903e-05,0.00011292002454865724,0.0001262099831365049,0.00010698904225137085
20.0,184,RMP,baseline,0.0010245580051559955,6.0282007325440645e-05,3.509598900564015e-05,0.0003848060150630772,0.00017786299576982856,0.0
20.0,184,RMP,optimized,0.0005721789930248633,5.66339585930109e-05,3.392399230506271e-05,0.00012847402831539512,0.00014694702986162156,0.0001295959809795022
20.0,185,RMP,baseline,0.0012618310138350353,7.175102655310184e-05,6.858994311187416e-05,0.0004329830117058009,0.00019273397629149258,0.0
20.0,185,RMP,optimized,0.0005691349942935631,5.0076996558345854e-05,2.9853006708435714e-05,0.00013100497017148882,0.00014586001634597778,0.00012631999561563134
20.0,186,RMP,baseline,0.0009655760077293962,5.70630218135193e-05,3.802900027949363e-05,0.0003682890092022717,0.00015321896353270859,0.0
20.0,186,RMP,optimized,0.0006786390003981069,5.8763063861988485e-05,3.4971002605743706e-05,0.00013737299013882875,0.0001867759710876271,0.00012867299665231258
20.0,187,RMP,baseline,0.0010965260007651523,4.892201104667038e-05,3.548494714777917e-05,0.00044365298526827246,0.0001745799818309024,0.0
20.0,187,RMP,optimized,0.0005602640012511984,4.911892756354064e-05,3.920702147297561e-05,0.00013023099745623767,0.00013501699140761048,0.00012086200877092779
20.0,188,RMP,baseline,0.0010822920012287796,6.238199421204627e-05,3.755900252144784e-05,0.00042710397974587977,0.0001639949914533645,0.0
20.0,188,RMP,optimized,0.000603260996285826,5.704000068362802e-05,2.8028007363900542e-05,0.00012781901750713587,0.00017605801986064762,0.00011775904567912221
20.0,189,RMP,baseline,0.0009961729956557974,5.0382004701532423e-05,3.4967000829055905e-05,0.0004001859779236838,0.00014844599354546517,0.0
20.0,189,RMP,optimized,0.000552746991161257,4.615497891791165e-05,3.862599260173738e-05,0.00012816594971809536,0.00013945100363343954,0.00011589804489631206
20.0,190,RMP,baseline,0.0010266559984302148,5.92709839111194e-05,3.552500857040286e-05,0.00040884799091145396,0.0001562760298838839,0.0
20.0,190,RMP,optimized,0.0005575929972110316,5.359893839340657e-05,2.8533992008306086e-05,0.0001394440041622147,0.000143877012305893,0.00011103901488240808
20.0,191,RMP,baseline,0.0009486960043432191,4.6150031266734004e-05,3.4558004699647427e-05,0.00037704198621213436,0.0001405369839631021,0.0
20.0,191,RMP,optimized,0.0004856650048168376,4.284697934053838e-05,2.5576999178156257e-05,0.00011052199988625944,0.00012584101932588965,0.00010621502588037401
20.0,192,RMP,baseline,0.0012742440012516454,7.330102380365133e-05,4.5828986912965775e-05,0.00048315999447368085,0.00020626797049771994,0.0
20.0,192,RMP,optimized,0.0006040579901309684,5.569199856836349e-05,3.356297384016216e-05,0.00014600502618122846,0.0001502280356362462,0.00013123301323503256
20.0,193,RMP,baseline,0.0009457839914830402,4.710599023383111e-05,3.2041032682172954e-05,0.00037807002081535757,0.00013836701691616327,0.0
20.0,193,RMP,optimized,0.00048825300473254174,4.3446983909234405e-05,2.5761022698134184e-05,0.00011424296826589853,0.000128026949823834,0.00010565397678874433
20.0,194,RMP,baseline,0.001310441002715379,7.66239536460489e-05,4.5626016799360514e-05,0.00047262896259780973,0.00021185498917475343,0.0
20.0,194,RMP,optimized,0.0010397550067864358,7.638399256393313e-05,8.327097748406231e-05,0.00026036602503154427,0.0002464979625074193,0.00017555603699292988
20.0,195,RMP,baseline,0.0031955190061125904,0.0002535999519750476,0.00013275098172016442,0.0010533570020925254,0.0004942690138705075,0.0
20.0,195,RMP,optimized,0.0008918730018194765,6.748603482265025e-05,6.164801015984267e-05,0.00022608498693443835,0.00023938206140883267,0.00018362003902439028
20.0,196,RMP,baseline,0.001065225005731918,5.8811972849071026e-05,3.581300552468747e-05,0.0004081299848621711,0.0001601860421942547,0.0
20.0,196,RMP,optimized,0.0005377570050768554,5.3891955758444965e-05,2.6930021704174578e-05,0.00011448697478044778,0.00013543799286708236,0.00011510297190397978
20.0,197,RMP,baseline,0.0012367469898890704,6.487399514298886e-05,4.907298716716468e-05,0.00044301897287368774,0.00020695403509307653,0.0
20.0,197,RMP,optimized,0.0005377610068535432,4.7281006118282676e-05,2.825302362907678e-05,0.0001242939761141315,0.000142755001434125,0.00011220700980629772
20.0,198,RMP,baseline,0.0011079909891122952,6.574996223207563e-05,3.6228986573405564e-05,0.00042585801566019654,0.00018655303574632853,0.0
20.0,198,RMP,optimized,0.000587589995120652,5.874395719729364e-05,3.0449009500443935e-05,0.0001379000023007393,0.00015436300600413233,0.00012003000301774591
20.0,199,RMP,baseline,0.0010026459931395948,4.798301961272955e-05,3.495003329589963e-05,0.0004190139879938215,0.00014490199100691825,0.0
20.0,199,RMP,optimized,0.0005365580000216141,4.3504987843334675e-05,4.11760265706107e-05,0.0001148669543908909,0.00013551001029554754,0.00010897002357523888
20.0,200,RMP,baseline,0.0010145199921680614,4.791501851286739e-05,4.331098170951009e-05,0.0004026789829367772,0.0001462539948988706,0.0
20.0,200,RMP,optimized,0.0005368929996620864,4.5905981096439064e-05,2.698301977943629e-05,0.0001189370232168585,0.00013497902546077967,0.00011424398689996451
20.0,201,RMP,baseline,0.0013866360095562413,5.386101838666946e-05,4.473599256016314e-05,0.0004227450554026291,0.00022232199262361974,0.0
20.0,201,RMP,optimized,0.0005764140078099445,4.914098826702684e-05,3.228201239835471e-05,0.00014408901915885508,0.0001375750289298594,0.00012597997556440532
20.0,202,RMP,baseline,0.000982595985988155,4.9976035370491445e-05,3.2773998100310564e-05,0.0003921179741155356,0.00013979000505059958,0.0
20.0,202,RMP,optimized,0.0004929119895678014,4.384602652862668e-05,2.595101250335574e-05,0.00010919102351181209,0.00012359698303043842,0.00010378002480138093
20.0,203,RMP,baseline,0.0011847790010506287,5.214501288719475e-05,3.931602986995131e-05,0.000518148997798562,0.00016384501941502094,0.0
20.0,203,RMP,optimized,0.0005224969936534762,4.6841989387758076e-05,2.763597876764834e-05,0.0001193419739138335,0.00013419901370070875,0.00011708398233167827
20.0,204,RMP,baseline,0.0013093190063955262,5.494500510394573e-05,4.545699630398303e-05,0.00046333599311765283,0.00020144297741353512,0.0
20.0,204,RMP,optimized,0.0005380939983297139,4.416002775542438e-05,4.270797944627702e-05,0.0001241560239577666,0.00013134996697772294,0.00011490302858874202
20.0,205,RMP,baseline,0.0010630559991113842,4.8261965275742114e-05,4.612002521753311e-05,0.00040872502722777426,0.00016040597984101623,0.0
20.0,205,RMP,optimized,0.000545493996469304,4.5033026253804564e-05,2.8273992938920856e-05,0.0001332109677605331,0.00013668702740687877,0.00012011999206151813
20.0,206,RMP,baseline,0.0012034690007567406,5.6517019402235746e-05,5.695597792509943e-05,0.0004905360256088898,0.00017990596825256944,0.0
20.0,206,RMP,optimized,0.0005089320038678125,4.423497011885047e-05,2.7493020752444863e-05,0.00011834202450700104,0.00012935802806168795,0.00011214401456527412
20.0,207,RMP,baseline,0.0010388860100647435,5.072803469374776e-05,4.116898344364017e-05,0.00041056599002331495,0.0001552680041640997,0.0
20.0,207,RMP,optimized,0.0004819670139113441,4.3049032683484256e-05,2.591699012555182e-05,0.00010906103125307709,0.00012359797256067395,0.00010573504550848156
20.0,208,RMP,baseline,0.0011577730037970468,5.1179988076910377e-05,3.446797200012952e-05,0.0004054050223203376,0.00020745098299812526,0.0
20.0,208,RMP,optimized,0.0006021060107741505,5.8944031479768455e-05,3.507701330818236e-05,0.00013282500731293112,0.0001503080129623413,0.00012804401922039688
20.0,209,RMP,baseline,0.0009512709948467091,4.599502426572144e-05,3.195498720742762e-05,0.0003832810325548053,0.00013973598834127188,0.0
20.0,209,RMP,optimized,0.0004926520050503314,4.3522013584151864e-05,2.603299799375236e-05,0.00010921801731456071,0.0001255299721378833,0.00010552303865551949
20.0,210,RMP,baseline,0.0011724770010914654,5.3449010010808706e-05,4.7101028030738235e-05,0.00048676498408894986,0.00015879998682066798,0.0
20.0,210,RMP,optimized,0.0005712389975087717,4.628799797501415e-05,2.9858987545594573e-05,0.0001436810416635126,0.00014078601088840514,0.000130776985315606
20.0,211,RMP,baseline,0.0009866769978543743,5.099998088553548e-05,4.0176004404202104e-05,0.0003939599700970575,0.00014559405099134892,0.0
20.0,211,RMP,optimized,0.0005705249932361767,4.633702337741852e-05,2.786800905596465e-05,0.00013049902918282896,0.0001590360188856721,0.00011775296297855675
20.0,212,RMP,baseline,0.0009935330017469823,4.6636982006020844e-05,3.322197881061584e-05,0.00039632701373193413,0.00014467198343481869,0.0
20.0,212,RMP,optimized,0.0006040239968569949,5.325301026459783e-05,3.268201544415206e-05,0.00013672697241418064,0.00016589602455496788,0.0001247620239155367
20.0,213,RMP,baseline,0.001128446005168371,5.328998668119311e-05,3.9243968785740435e-05,0.0004765149933518842,0.0001678009721217677,0.0
20.0,213,RMP,optimized,0.0006152829882921651,5.129999772179872e-05,3.431599179748446e-05,0.00013339101860765368,0.0001565160055179149,0.00012072802928742021
20.0,214,RMP,baseline,0.001025120000122115,6.050002411939204e-05,3.172298602294177e-05,0.0004107269924134016,0.00015225601964630187,0.0
20.0,214,RMP,optimized,0.0005566539912251756,5.343402153812349e-05,2.870395837817341e-05,0.0001234299998031929,0.00014037598157301545,0.00012793196947313845
20.0,215,RMP,baseline,0.0010253359941998497,4.9120993935503066e-05,3.4086027881130576e-05,0.00038153100467752665,0.00016957697516772896,0.0
20.0,215,RMP,optimized,0.0005897079972783104,4.6535031287930906e-05,2.983307058457285e-05,0.0001512430317234248,0.00014468294102698565,0.00012765095743816346
20.0,216,RMP,baseline,0.0009683889948064461,4.6842003939673305e-05,3.1588031561113894e-05,0.0003799400001298636,0.00013802095782011747,0.0
20.0,216,RMP,optimized,0.0008103480067802593,6.311803008429706e-05,4.1862018406391144e-05,0.00018254198948852718,0.00023138299002312124,0.0001623909774934873
20.0,217,RMP,baseline,0.0011384690005797893,5.829299334436655e-05,0.00011004501720890403,0.00041892500303220004,0.0001748159556882456,0.0
20.0,217,RMP,optimized,0.0005606619961326942,5.6523989769630134e-05,2.8259979444555938e-05,0.0001290630316361785,0.00014989700866863132,0.0001149209711002186
20.0,218,RMP,baseline,0.0014889279991621152,7.440903573296964e-05,5.37899904884398e-05,0.0005294680304359645,0.00027292499726172537,0.0
20.0,218,RMP,optimized,0.0006123189959907904,4.736497066915035e-05,2.8810027288272977e-05,0.000163867007358931,0.00014942200505174696,0.00011382607044652104
20.0,219,RMP,baseline,0.0010157210053876042,5.584300379268825e-05,3.3719989005476236e-05,0.00038467701233457774,0.00015742398682050407,0.0
20.0,219,RMP,optimized,0.000544523005373776,5.2565999794751406e-05,2.6843015803024173e-05,0.00013042300997767597,0.00014297798043116927,0.0001089319703169167
20.0,220,RMP,baseline,0.0015537349972873926,6.199102790560573e-05,5.680204776581377e-05,0.0005201989697525278,0.0002873470075428486,0.0
20.0,220,RMP,optimized,0.0006214180029928684,5.2171002607792616e-05,3.266401472501457e-05,0.00014537497190758586,0.00015943199105095118,0.00012809396139346063
20.0,221,RMP,baseline,0.0010615259961923584,5.823899118695408e-05,4.2351995944045484e-05,0.00041662399598862976,0.00016082698130048811,0.0
20.0,221,RMP,optimized,0.0005347600090317428,5.2912975661456585e-05,2.6245979825034738e-05,0.00012816701200790703,0.00014018802903592587,0.0001059309724951163
20.0,222,RMP,baseline,0.0010715919925132766,5.399099609348923e-05,3.818004915956408e-05,0.00040754400833975524,0.00017564000154379755,0.0
20.0,222,RMP,optimized,0.00108304999594111,7.375702261924744e-05,5.544901068788022e-05,0.00023417201009579003,0.0002546789910411462,0.0003119760222034529
20.0,223,RMP,baseline,0.0010220819967798889,6.961697363294661e-05,3.4728029277175665e-05,0.0003850850189337507,0.00015640999481547624,0.0
20.0,223,RMP,optimized,0.0007298300042748451,5.335803143680096e-05,2.8719005058519542e-05,0.00012351898476481438,0.00026033703761640936,0.00012440896534826607
20.0,224,RMP,baseline,0.0012731729948427528,8.582203008700162e-05,4.7150024329312146e-05,0.00048676400911062956,0.00019487098325043917,0.0
20.0,224,RMP,optimized,0.0005698419990949333,4.41219744971022e-05,2.8896029107272625e-05,0.00013241797569207847,0.00013840403698850423,0.00011366199760232121
20.0,225,RMP,baseline,0.0013696370006073266,6.821601709816605e-05,4.284897295292467e-05,0.0005280190089251846,0.00021299297804944217,0.0
20.0,225,RMP,optimized,0.0005419100052677095,5.554599920287728e-05,2.7820991817861795e-05,0.000121178018162027,0.00014374699094332755,0.00011224699846934527
20.0,226,RMP,baseline,0.0009599519980838522,4.6963003114797175e-05,3.384603769518435e-05,0.00038307899376377463,0.00014011298480909318,0.0
20.0,226,RMP,optimized,0.0005650130042340606,4.4423024519346654e-05,2.914297510869801e-05,0.00013727301848120987,0.00014343298971652985,0.0001246350002475083
20.0,227,RMP,baseline,0.001528994005639106,9.187398245558143e-05,5.472697375807911e-05,0.0005019399686716497,0.0002839029912138358,0.0
20.0,227,RMP,optimized,0.0009598080068826675,9.168802353087813e-05,6.0488018789328635e-05,0.0001997090148506686,0.000303086984786205,0.00017804099479690194
20.0,228,RMP,baseline,0.0010965469991788268,9.259796934202313e-05,3.987699165008962e-05,0.0004323779867263511,0.00015566495130769908,0.0
20.0,228,RMP,optimized,0.0004883350047748536,4.2693965951912105e-05,2.646596112754196e-05,0.00010984003893099725,0.00012707301357295364,0.00010571103484835476
20.0,229,RMP,baseline,0.001482391991885379,8.004998380783945e-05,7.885496597737074e-05,0.0005189450166653842,0.0002501249691704288,0.0
20.0,229,RMP,optimized,0.0007592299953103065,6.917698192410171e-05,4.211896157357842e-05,0.0001692390360403806,0.00021281196677591652,0.0001504689862485975
20.0,230,RMP,baseline,0.0011482999980216846,5.968105688225478e-05,4.024998634122312e-05,0.0004280269786249846,0.00022601299860980362,0.0
20.0,230,RMP,optimized,0.0005595219990937039,5.55750448256731e-05,2.913398202508688e-05,0.00012634399172384292,0.00013557594502344728,0.0001311970263486728
20.0,231,RMP,baseline,0.0017886020068544894,7.708798511885107e-05,7.241498678922653e-05,0.0005627680075122043,0.00035473199386615306,0.0
20.0,231,RMP,optimized,0.001030234998324886,9.555096039548516e-05,5.296200106386095e-05,0.00023209798382595181,0.00032217100670095533,0.00018838702817447484
20.0,232,RMP,baseline,0.0010325220064260066,5.689998215530068e-05,3.616603498812765e-05,0.00039952796942088753,0.00015948701184242964,0.0
20.0,232,RMP,optimized,0.0006291819881880656,5.605905607808381e-05,3.113097045570612e-05,0.00015588002861477435,0.00015906701446510851,0.00011661597818601876
20.0,233,RMP,baseline,0.0011350650020176545,5.34809660166502e-05,3.730699245352298e-05,0.0004284219758119434,0.0001673680089879781,0.0
20.0,233,RMP,optimized,0.0005214320117374882,4.414899740368128e-05,2.816801134031266e-05,0.00012858901754952967,0.00013337901327759027,0.00010979801299981773
20.0,234,RMP,baseline,0.0010673490032786503,7.085897959768772e-05,4.945698310621083e-05,0.00041220099956262857,0.00015563298074994236,0.0
20.0,234,RMP,optimized,0.0005988769989926368,5.606601189356297e-05,3.053300315514207e-05,0.00014268301310949028,0.00015257099585141987,0.00011332400026731193
20.0,235,RMP,baseline,0.0011062809935538098,4.97820001328364e-05,3.6447003367356956e-05,0.0004174040077487007,0.00020842596131842583,0.0
20.0,235,RMP,optimized,0.0005113439983688295,4.342601459939033e-05,3.85319726774469e-05,0.0001159610110335052,0.00012879498535767198,0.00010924199887085706
20.0,236,RMP,baseline,0.0012053729878971353,6.05119566898793e-05,4.224998701829463e-05,0.0004983449907740578,0.00017492998449597508,0.0
20.0,236,RMP,optimized,0.001123481008107774,0.0001394629798596725,5.696297739632428e-05,0.0002486279990989715,0.0002766120160231367,0.00019447998784016818
20.0,237,RMP,baseline,0.001014905996271409,4.828000965062529e-05,4.174401692580432e-05,0.0003988310054410249,0.0001606399891898036,0.0
20.0,237,RMP,optimized,0.0005392660095822066,4.5474967919290066e-05,2.9488015570677817e-05,0.0001248050102731213,0.00013522099470719695,0.00012419397535268217
20.0,238,RMP,baseline,0.001558440999360755,0.00012865698954556137,6.521298200823367e-05,0.0005511909839697182,0.00023762100317981094,0.0
20.0,238,RMP,optimized,0.0006139799952507019,5.470302130561322e-05,3.047999052796513e-05,0.00013191001198720187,0.00014797701442148536,0.00014955998631194234
20.0,239,RMP,baseline,0.0010737970005720854,5.1093025831505656e-05,3.4069016692228615e-05,0.00038970499008428305,0.0002291559794684872,0.0
20.0,239,RMP,optimized,0.000604753993684426,5.044099816586822e-05,3.0256007448770106e-05,0.00013569499424193054,0.00014866601850371808,0.00012503602192737162
20.0,240,RMP,baseline,0.0009869310015346855,5.678102024830878e-05,3.3623960916884243e-05,0.0003781130217248574,0.00015056699339766055,0.0
20.0,240,RMP,optimized,0.0005400359950726852,6.373701035045087e-05,3.746997390408069e-05,0.00011557295511011034,0.00013423904601950198,0.0001109019503928721
20.0,241,RMP,baseline,0.002653079995070584,7.489904237445444e-05,0.00016108303680084646,0.0013877930032322183,0.00031882699113339186,0.0
20.0,241,RMP,optimized,0.0006398179975803941,5.014499765820801e-05,3.3881005947478116e-05,0.00015413103392347693,0.00015434701344929636,0.00015030096983537078
20.0,242,RMP,baseline,0.0010414470016257837,5.495997902471572e-05,3.903299511875957e-05,0.00037133901787456125,0.0001525990228401497,0.0
20.0,242,RMP,optimized,0.0005086460005259141,5.262905324343592e-05,2.717398456297815e-05,0.00011212597019039094,0.0001327590289292857,0.00010786899656523019
20.0,243,RMP,baseline,0.0014170509966788813,5.946998135186732e-05,4.578501102514565e-05,0.0005946689925622195,0.00020381603098940104,0.0
20.0,243,RMP,optimized,0.000971852001384832,0.000173820968484506,6.346800364553928e-05,0.00024122296599671245,0.00021157899755053222,0.00015628997061867267
20.0,244,RMP,baseline,0.0010008299868786708,5.6199016398750246e-05,3.3078002161346376e-05,0.0003972229751525447,0.0001513960160082206,0.0
20.0,244,RMP,optimized,0.0005339749914128333,5.2483956096693873e-05,2.726601087488234e-05,0.00012643600348383188,0.00013978603237774223,0.00010740102152340114
20.0,245,RMP,baseline,0.0010887999960687011,5.131101352162659e-05,3.8667014450766146e-05,0.00044781999895349145,0.00016277404210995883,0.0
20.0,245,RMP,optimized,0.0006701419915771112,4.688701301347464e-05,4.431299748830497e-05,0.00013876495358999819,0.0001486009859945625,0.0001958749780897051
20.0,246,RMP,baseline,0.0013723439915338531,7.874499715398997e-05,6.173700967337936e-05,0.000464728960650973,0.0003127429954474792,0.0
20.0,246,RMP,optimized,0.0007754859980195761,6.64260151097551e-05,3.601702337618917e-05,0.0001977969950530678,0.00019558801432140172,0.00014213995018508285
20.0,247,RMP,baseline,0.0011289089889032766,5.3208976169116795e-05,3.9557970012538135e-05,0.00043501601612661034,0.0001984830159926787,0.0
20.0,247,RMP,optimized,0.0005699670000467449,4.7380977775901556e-05,3.079100861214101e-05,0.00012383706052787602,0.00016382896865252405,0.00011954297951888293
20.0,248,RMP,baseline,0.001341941999271512,0.00010458604083396494,4.95220156153664e-05,0.0005330709973350167,0.00020244500774424523,0.0
20.0,248,RMP,optimized,0.00055190701095853,5.406797572504729e-05,2.6748981326818466e-05,0.00012677500490099192,0.00014449503214564174,0.0001130809832829982
20.0,249,RMP,baseline,0.000980351003818214,4.739499127026647e-05,3.3809017622843385e-05,0.0003901079762727022,0.00014584603195544332,0.0
20.0,249,RMP,optimized,0.0005718489992432296,4.811096005141735e-05,3.0145980417728424e-05,0.00012596500164363533,0.00015731400344520807,0.00011931199696846306
20.0,250,RMP,baseline,0.0012809600011678413,0.00010096099867951125,4.646299930755049e-05,0.00046665103582199663,0.00020009301078971475,0.0
20.0,250,RMP,optimized,0.0005825669941259548,5.638496077153832e-05,4.647597961593419e-05,0.00012780401448253542,0.00014940100663807243,0.00011962803546339273
20.0,251,RMP,baseline,0.0011967850005021319,6.245801341719925e-05,3.962499613407999e-05,0.00047457203618250787,0.00019354904361534864,0.0
20.0,251,RMP,optimized,0.0006216070032678545,5.85009838687256e-05,3.1432995456270874e-05,0.00013586605200544,0.0001593229826539755,0.0001486730034230277
20.0,252,RMP,baseline,0.0011417039931984618,6.152200512588024e-05,3.7232020986266434e-05,0.00042799001676030457,0.00017798702174331993,0.0
20.0,252,RMP,optimized,0.0006244069954846054,5.9780009905807674e-05,3.266098792664707e-05,0.00015140799223445356,0.0001646519813220948,0.00012358499225229025
20.0,253,RMP,baseline,0.0014192289963830262,6.574104190804064e-05,7.91180063970387e-05,0.0005742440262110904,0.0002072300121653825,0.0
20.0,253,RMP,optimized,0.0005548420012928545,5.471600161399692e-05,2.7846006560139358e-05,0.0001269779895665124,0.0001431470300303772,0.00011725399235729128
20.0,254,RMP,baseline,0.0023106129956431687,0.00010680001287255436,7.340101001318544e-05,0.000975361981545575,0.00035949202720075846,0.0
20.0,254,RMP,optimized,0.0005756579921580851,5.6353004765696824e-05,2.951998612843454e-05,0.00012490502558648586,0.00014632901002187282,0.00013168300210963935
20.0,255,RMP,baseline,0.0011096020025433972,6.234599277377129e-05,4.059297498315573e-05,0.0004230060148984194,0.00020175504323560745,0.0
20.0,255,RMP,optimized,0.0006596580060431734,6.020399450790137e-05,4.748199717141688e-05,0.00013403300545178354,0.00019270896154921502,0.00012801600678358227
20.0,256,RMP,baseline,0.0010464179940754548,5.7926998124457896e-05,3.9642982301302254e-05,0.00040819699643179774,0.00016269796469714493,0.0
20.0,256,RMP,optimized,0.000530567005625926,5.6882985518313944e-05,2.7083995519205928e-05,0.00011599500430747867,0.00014181395818013698,0.00011206199997104704
20.0,257,RMP,baseline,0.0015079010045155883,7.20670068403706e-05,4.9116002628579736e-05,0.0005284249637043104,0.0002531289937905967,0.0
20.0,257,RMP,optimized,0.0006067290087230504,5.676700675394386e-05,3.508600639179349e-05,0.000131652966956608,0.00017431200831197202,0.00012158500612713397
20.0,258,RMP,baseline,0.0009896879928419366,5.540397251024842e-05,3.1472023692913353e-05,0.0003889030049322173,0.00015334300405811518,0.0
20.0,258,RMP,optimized,0.0004987040010746568,5.184502515476197e-05,2.6139983674511313e-05,0.0001102920068660751,0.00013263199070934206,0.00010565297270659357
20.0,259,RMP,baseline,0.0010866520024137571,5.7119992561638355e-05,3.5048986319452524e-05,0.0004035669408040121,0.00015938498836476356,0.0
20.0,259,RMP,optimized,0.0005446440045488998,5.591999797616154e-05,2.850302553270012e-05,0.00012141298793721944,0.00014180598373059183,0.0001176870136987418
20.0,260,RMP,baseline,0.001043316995492205,8.582998998463154e-05,3.784100408665836e-05,0.0004039799823658541,0.00015391300257761031,0.0
20.0,260,RMP,optimized,0.0006409870111383498,5.499600956682116e-05,4.519995127338916e-05,0.00016353896353393793,0.00015010499919299036,0.00012022005103062838
20.0,261,RMP,baseline,0.0010035169980255887,5.732999125029892e-05,3.971699334215373e-05,0.0003887290367856622,0.0001504449755884707,0.0
20.0,261,RMP,optimized,0.0005149649950908497,5.202599277254194e-05,2.6756984880194068e-05,0.0001179120154120028,0.00013704599405173212,0.00010840101458597928
20.0,262,RMP,baseline,0.0013494809973053634,6.381802086252719e-05,6.946499343030155e-05,0.0005711110279662535,0.0001918250200105831,0.0
20.0,262,RMP,optimized,0.00059909799892921,6.425402534659952e-05,3.197201294824481e-05,0.00013400099123828113,0.00015113600238692015,0.00012495399278122932
20.0,263,RMP,baseline,0.001029448991175741,5.55699662072584e-05,3.5976016079075634e-05,0.0003975010185968131,0.00015929104120004922,0.0
20.0,263,RMP,optimized,0.0005657829897245392,5.543600127566606e-05,2.9663016903214157e-05,0.00012910600344184786,0.00014291495608631521,0.00010975898476317525
20.0,264,RMP,baseline,0.0010667619935702533,5.93979493714869e-05,3.8129015592858195e-05,0.00041167506424244493,0.00016868599050212651,0.0
20.0,264,RMP,optimized,0.0005267130036372691,5.4728006944060326e-05,2.6298017473891377e-05,0.00011540003470145166,0.00014176598051562905,0.00011019101657439023
20.0,265,RMP,baseline,0.0009697380010038614,4.7435969463549554e-05,3.333100175950676e-05,0.0003849529748549685,0.00014666801143903285,0.0
20.0,265,RMP,optimized,0.0005143460002727807,4.289299249649048e-05,2.9373011784628034e-05,0.00012528196384664625,0.00013133799075149,0.00010660898988135159
20.0,266,RMP,baseline,0.0010782600002130494,5.722598871216178e-05,4.7986002755351365e-05,0.00042539098649285734,0.00015836900274734944,0.0
20.0,266,RMP,optimized,0.0006142189959064126,5.683899507857859e-05,3.365999145898968e-05,0.00014233996625989676,0.00016336797853000462,0.00011783400259446353
20.0,267,RMP,baseline,0.001821484009269625,7.73580395616591e-05,7.419098983518779e-05,0.0007783169712638482,0.0002834779879776761,0.0
20.0,267,RMP,optimized,0.0009663149976404384,0.00017345399828627706,6.14760210737586e-05,0.0002161750162485987,0.00019789299403782934,0.00018337198707740754
20.0,268,RMP,baseline,0.000993510999251157,4.8932008212432265e-05,3.465900954324752e-05,0.0003932470572181046,0.00014955602819100022,0.0
20.0,268,RMP,optimized,0.0004999820084776729,4.35529655078426e-05,2.6458001229912043e-05,0.00011555099627003074,0.00012827700993511826,0.00010709496564231813
20.0,269,RMP,baseline,0.0012095060083083808,6.56680203974247e-05,4.5089967898093164e-05,0.0004730780055979267,0.0001894659799290821,0.0
20.0,269,RMP,optimized,0.0006210090068634599,5.642001633532345e-05,3.076404391322285e-05,0.00014354601444210857,0.00015266798436641693,0.00014700699830427766
20.0,270,RMP,baseline,0.001045782002620399,4.8025030991993845e-05,3.4886994399130344e-05,0.00043281402031425387,0.00015130896645132452,0.0
20.0,270,RMP,optimized,0.0005013320042053238,4.352605901658535e-05,3.186303365509957e-05,0.00011403598182369024,0.00012858599075116217,0.00010681900312192738
20.0,271,RMP,baseline,0.0012393060023896396,6.613101868424565e-05,5.6365999625995755e-05,0.0004512150044320151,0.0002465779543854296,0.0
20.0,271,RMP,optimized,0.000584075998631306,5.43759815627709e-05,2.987201150972396e-05,0.00013027098611928523,0.00016839800809975713,0.0001180960243800655
20.0,272,RMP,baseline,0.0010117390047525987,4.723497841041535e-05,3.927102079614997e-05,0.0004041830252390355,0.0001467729889554903,0.0
20.0,272,RMP,optimized,0.0005708410026272759,4.7267021727748215e-05,3.217702032998204e-05,0.00012916498235426843,0.0001524389663245529,0.00011531103518791497
20.0,273,RMP,baseline,0.0013772769889328629,7.240698323585093e-05,5.418798536993563e-05,0.0005306879902491346,0.00022563601669389755,0.0
20.0,273,RMP,optimized,0.0007906179962446913,6.75999908708036e-05,3.8578989915549755e-05,0.00017654300609137863,0.00019220003741793334,0.00014116002421360463
20.0,274,RMP,baseline,0.0012581329938257113,5.7788973208516836e-05,4.214502405375242e-05,0.0004639829567167908,0.00019118202908430248,0.0
20.0,274,RMP,optimized,0.0011728359968401492,9.156398300547153e-05,5.772997974418104e-05,0.0003422040172154084,0.0002470259787514806,0.0002696750307222828
20.0,275,RMP,baseline,0.0010696589888539165,6.199500057846308e-05,3.8511978345923126e-05,0.00040602499211672693,0.00016553798923268914,0.0
20.0,275,RMP,optimized,0.0005455660138977692,6.416402175091207e-05,2.9248010832816362e-05,0.00011669605737552047,0.0001423530193278566,0.00011354699381627142
20.0,276,RMP,baseline,0.0011263449996476993,6.89309963490814e-05,5.8883000747300684e-05,0.00043407498742453754,0.0001618899987079203,0.0
20.0,276,RMP,optimized,0.0009904199978336692,6.337104423437268e-05,6.623601075261831e-05,0.00024945101176854223,0.0002507559838704765,0.0001656519598327577
20.0,277,RMP,baseline,0.0010770259978016838,5.8810997870750725e-05,4.7276014811359346e-05,0.0004159809905104339,0.0001744490145938471,0.0
20.0,277,RMP,optimized,0.0005581160075962543,5.46060036867857e-05,2.970300556626171e-05,0.00012317700020503253,0.00015840803098399192,0.00011410297884140164
20.0,278,RMP,baseline,0.0010343869944335893,4.692802031058818e-05,3.4367956686764956e-05,0.0004247610049787909,0.00015036098193377256,0.0
20.0,278,RMP,optimized,0.0007673429936403409,5.1198992878198624e-05,3.946697688661516e-05,0.00015622397768311203,0.00023683904146309942,0.0001416669401805848
20.0,279,RMP,baseline,0.001528433000203222,7.127501885406673e-05,4.757502756547183e-05,0.0006234539614524692,0.0002510369959054515,0.0
20.0,279,RMP,optimized,0.0005694619903806597,5.747003888245672e-05,2.967297041323036e-05,0.00012711297313217074,0.00014894700143486261,0.00011993100633844733
20.0,280,RMP,baseline,0.001913251995574683,8.241501927841455e-05,6.366497837007046e-05,0.0008327979739988223,0.0002689530228963122,0.0
20.0,280,RMP,optimized,0.0008310050034197047,7.603599806316197e-05,4.3109990656375885e-05,0.00020838800992351025,0.00022678397363051772,0.00015373798669315875
20.0,281,RMP,baseline,0.0013639780081575736,6.411701906472445e-05,5.5966011132113636e-05,0.000525713010574691,0.0002113750233547762,0.0
20.0,281,RMP,optimized,0.0005665390053763986,4.801194882020354e-05,3.18720267387107e-05,0.00013734800450038165,0.00014243199257180095,0.0001214059884659946
20.0,282,RMP,baseline,0.0010776919953059405,5.0242015277035534e-05,3.990999539382756e-05,0.00044548600271809846,0.00015140797768253833,0.0
20.0,282,RMP,optimized,0.0006140639889054,4.70069790026173e-05,3.4155003959313035e-05,0.00015720898227300495,0.00016049901023507118,0.00011730898404493928
20.0,283,RMP,baseline,0.001253191992873326,8.286902448162436e-05,3.956702130381018e-05,0.00044900002831127495,0.0002136019611498341,0.0
20.0,283,RMP,optimized,0.000769537000451237,8.083099965006113e-05,4.524501855485141e-05,0.00016788799257483333,0.00020336599845904857,0.000143016004585661
20.0,284,RMP,baseline,0.0010007370001403615,4.861199704464525e-05,3.549898974597454e-05,0.00040130502020474523,0.0001451670250389725,0.0
20.0,284,RMP,optimized,0.0005341270007193089,4.38610150013119e-05,2.8745984309352934e-05,0.00013099699572194368,0.0001366270298603922,0.0001128679868998006
20.0,285,RMP,baseline,0.0013398629962466657,6.59789948258549e-05,4.6931018005125225e-05,0.0005691289843525738,0.00019919898477382958,0.0
20.0,285,RMP,optimized,0.0006682520033791661,6.682303501293063e-05,3.659095091279596e-05,0.00015658902702853084,0.0001775060227373615,0.00013440199836622924
20.0,286,RMP,baseline,0.000984915008302778,4.876799357589334e-05,3.8745973142795265e-05,0.0003867719933623448,0.00014761698548682034,0.0
20.0,286,RMP,optimized,0.0005429779994301498,4.425900988280773e-05,2.869898162316531e-05,0.0001222410355694592,0.00013929593842476606,0.00012625202361959964
20.0,287,RMP,baseline,0.001059813002939336,5.885699647478759e-05,3.693596227094531e-05,0.0004101309896213934,0.0001794650306692347,0.0
20.0,287,RMP,optimized,0.0005816350021632388,5.9022975619882345e-05,2.9642003937624395e-05,0.00013039000623393804,0.0001522579841548577,0.0001231800124514848
20.0,288,RMP,baseline,0.0018351030012127012,7.398494926746935e-05,5.78809849685058e-05,0.0008268450328614563,0.0002710129920160398,0.0
20.0,288,RMP,optimized,0.0011038609954994172,6.889800715725869e-05,0.00012795803195331246,0.00031876200227998197,0.0002316599857294932,0.00020777602912858129
20.0,289,RMP,baseline,0.0011718769965227693,6.485900667030364e-05,4.12900117225945e-05,0.00043736300722230226,0.0002034250064752996,0.0
20.0,289,RMP,optimized,0.000651711001410149,5.909999890718609e-05,3.171798016410321e-05,0.0001381549664074555,0.00015787898155394942,0.00017560699780005962
20.0,290,RMP,baseline,0.0018584190111141652,6.58409990137443e-05,5.4414005717262626e-05,0.0007966300036059693,0.0002885809662984684,0.0
20.0,290,RMP,optimized,0.000622006002231501,5.319903721101582e-05,3.375401138328016e-05,0.00015003999578766525,0.0001553479814901948,0.00012971296382602304
20.0,291,RMP,baseline,0.0011517670063767582,6.115797441452742e-05,4.30020154453814e-05,0.00044611498015001416,0.00017465600103605539,0.0
20.0,291,RMP,optimized,0.0006093720003264025,5.942699499428272e-05,3.161400672979653e-05,0.00013111697626300156,0.00015614098811056465,0.00012854894157499075
20.0,292,RMP,baseline,0.0011274169955868274,0.00010275201930198818,4.048399569001049e-05,0.0004294969839975238,0.0001591589825693518,0.0
20.0,292,RMP,optimized,0.0006800389965064824,5.126297764945775e-05,3.580401244107634e-05,0.0001503029779996723,0.00020630302606150508,0.00013602004037238657
20.0,293,RMP,baseline,0.001448024995625019,7.680401904508471e-05,4.6393994125537574e-05,0.000532804973772727,0.00029882200760766864,0.0
20.0,293,RMP,optimized,0.0007529959984822199,7.064999954309314e-05,4.024597001262009e-05,0.00015572899428661913,0.00023859000066295266,0.00014472697512246668
20.0,294,RMP,baseline,0.0010553509928286076,5.0412010750733316e-05,3.644800744950771e-05,0.0004228299803799018,0.00015642996004316956,0.0
20.0,294,RMP,optimized,0.0006095389981055632,4.6007015043869615e-05,2.7403002604842186e-05,0.00012252500164322555,0.00020238698925822973,0.00011501004337333143
20.0,295,RMP,baseline,0.0013881500053685158,6.90440065227449e-05,4.7847992391325533e-05,0.0005090470222057775,0.00026788895775098354,0.0
20.0,295,RMP,optimized,0.0005750270065618679,5.691098340321332e-05,2.9924005502834916e-05,0.00012789999891538173,0.00015157398593146354,0.00012298299407120794
20.0,296,RMP,baseline,0.0011904620041605085,5.31819969182834e-05,4.302700108382851e-05,0.000514209023094736,0.00016700303240213543,0.0
20.0,296,RMP,optimized,0.0009379969997098669,8.466000144835562e-05,4.9901980673894286e-05,0.00020904600387439132,0.00027799599047284573,0.00017646397463977337
20.0,297,RMP,baseline,0.0011205859918845817,6.087396468501538e-05,3.7802979932166636e-05,0.0004208379832562059,0.00018725698464550078,0.0
20.0,297,RMP,optimized,0.0005455350037664175,5.54229918634519e-05,2.7013011276721954e-05,0.0001247529435204342,0.0001406200317433104,0.00011787695984821767
20.0,298,RMP,baseline,0.0012964079942321405,5.757999315392226e-05,6.245699478313327e-05,0.00048257200978696346,0.000207131975912489,0.0
20.0,298,RMP,optimized,0.0006951340037630871,6.313099584076554e-05,3.347403253428638e-05,0.00018897106929216534,0.0001615510118426755,0.00013430899707600474
20.0,299,RMP,baseline,0.0010668879986042157,6.406802276615053e-05,3.586200182326138e-05,0.0004220700357109308,0.00016258393588941544,0.0
20.0,299,RMP,optimized,0.0005929960025241598,6.16249890299514e-05,3.031398227903992e-05,0.00013631898036692291,0.00015457601693924516,0.00011799301137216389
25.0,0,RMP,baseline,0.0014479920064331964,6.25719694653526e-05,5.462898116093129e-05,0.0005276169831631705,0.000220513014937751,0.0
25.0,0,RMP,optimized,0.0005509439943125471,4.6343033318407834e-05,2.9609014745801687e-05,0.0001321299932897091,0.00013764599862042814,0.00011860902304761112
25.0,1,RMP,baseline,0.0011613640090217814,5.224200140219182e-05,3.9602979086339474e-05,0.00046264001866802573,0.0001722260203678161,0.0
25.0,1,RMP,optimized,0.0005481819971464574,5.1857990911230445e-05,2.942499122582376e-05,0.00012545600475277752,0.0001424329966539517,0.00012167004751972854
25.0,2,RMP,baseline,0.0011958209943259135,7.942100637592375e-05,3.946998913306743e-05,0.0004561380192171782,0.00018651502614375204,0.0
25.0,2,RMP,optimized,0.0006004650058457628,4.8511981731280684e-05,3.160496999043971e-05,0.00014815003669355065,0.00015851396892685443,0.00012355697981547564
25.0,3,RMP,baseline,0.001085334995877929,5.3633018978871405e-05,3.957403532695025e-05,0.00041734798287507147,0.00015800099936313927,0.0
25.0,3,RMP,optimized,0.0006129969988251105,5.2949966629967093e-05,3.148200630676001e-05,0.00013983793905936182,0.0001515649928478524,0.0001473560114391148
25.0,4,RMP,baseline,0.0012001239956589416,5.103999865241349e-05,3.692600876092911e-05,0.0005244320345809683,0.00016966598923318088,0.0
25.0,4,RMP,optimized,0.0005493600037880242,4.792498657479882e-05,2.8613008907996118e-05,0.0001272230438189581,0.00013934697199147195,0.00012046597839798778
25.0,5,RMP,baseline,0.0019613259937614202,7.836300937924534e-05,5.278301250655204e-05,0.0005962940049357712,0.0002594590187072754,0.0
25.0,5,RMP,optimized,0.0008662830077810213,7.458002073690295e-05,4.4513013563118875e-05,0.00019306197646073997,0.0002268859971081838,0.00018917499983217567
25.0,6,RMP,baseline,0.0015085899940459058,5.7949000620283186e-05,5.492300260812044e-05,0.0005452789773698896,0.00022503202490042895,0.0
25.0,6,RMP,optimized,0.0010184790007770061,6.757500523235649e-05,4.5274937292560935e-05,0.00026463301037438214,0.0002251379773952067,0.000275285987299867
25.0,7,RMP,baseline,0.001124695991165936,5.373996100388467e-05,3.8031997974030674e-05,0.0004325689951656386,0.00017375798779539764,0.0
25.0,7,RMP,optimized,0.0006298829976003617,5.425601557362825e-05,3.255900810472667e-05,0.0001392999547533691,0.0001684070157352835,0.0001436860184185207
25.0,8,RMP,baseline,0.0012240709911566228,5.970003257971257e-05,4.175698268227279e-05,0.0004912769654765725,0.00019763399905059487,0.0
25.0,8,RMP,optimized,0.0006407890032278374,5.372597661335021e-05,3.6415018257685006e-05,0.00014548804028891027,0.00016839599993545562,0.00012882899318356067
25.0,9,RMP,baseline,0.0011509930045576766,5.518700345419347e-05,3.958297020290047e-05,0.0004535069892881438,0.00017581200518179685,0.0
25.0,9,RMP,optimized,0.0005990329955238849,4.793799598701298e-05,3.0375973437912762e-05,0.00015192900900729,0.0001516160264145583,0.00012633897131308913
25.0,10,RMP,baseline,0.0020573719957610592,6.893104000482708e-05,6.037500861566514e-05,0.0007787570066284388,0.0003512219846015796,0.0
25.0,10,RMP,optimized,0.0005724880029447377,4.898098995909095e-05,3.3303978852927685e-05,0.00013508704432751983,0.00014347900287248194,0.0001276490220334381
25.0,11,RMP,baseline,0.0010383219923824072,4.887100658379495e-05,3.912598185706884e-05,0.00040002800233196467,0.00018018000992015004,0.0
25.0,11,RMP,optimized,0.0004898429906461388,4.272401565685868e-05,2.6726964279077947e-05,0.00011180393630638719,0.00012502299796324223,0.00010754598770290613
25.0,12,RMP,baseline,0.0010958600032608956,5.223300831858069e-05,3.5953999031335115e-05,0.0004420900222612545,0.0001557429786771536,0.0
25.0,12,RMP,optimized,0.000530942008481361,4.6574990847148e-05,2.72790202870965e-05,0.000123532023280859,0.00013817500439472497,0.0001163540146080777
25.0,13,RMP,baseline,0.0010448149987496436,5.21120527992025e-05,3.516700235195458e-05,0.00040812000224832445,0.00017130401101894677,0.0
25.0,13,RMP,optimized,0.000513136008521542,4.558499495033175e-05,2.790300641208887e-05,0.00011784401431214064,0.00013448599202092737,0.0001114749611588195
25.0,14,RMP,baseline,0.0010786369966808707,5.006206629332155e-05,3.671000013127923e-05,0.00041752500692382455,0.00016195398347917944,0.0
25.0,14,RMP,optimized,0.0014088909956626594,9.13310213945806e-05,6.554502760991454e-05,0.00030454699299298227,0.0003226720145903528,0.00045347401464823633
25.0,15,RMP,baseline,0.0012384820001898333,6.15119788562879e-05,4.208099562674761e-05,0.0004907760303467512,0.0001875129819381982,0.0
25.0,15,RMP,optimized,0.0005758629995398223,5.149102071300149e-05,3.099902824033052e-05,0.00013367201609071344,0.00014787998225074261,0.00012294000771362334
25.0,16,RMP,baseline,0.000952012007473968,4.7269975766539574e-05,3.199500497430563e-05,0.0003843430313281715,0.0001391029654769227,0.0
25.0,16,RMP,optimized,0.0005819759971927851,4.904296656604856e-05,3.052102692890912e-05,0.00012538197916001081,0.00014729402028024197,0.00012006398173980415
25.0,17,RMP,baseline,0.002103961000102572,8.76640115166083e-05,7.896401803009212e-05,0.0007656120287720114,0.00036427800660021603,0.0
25.0,17,RMP,optimized,0.0009097309957724065,7.31210020603612e-05,5.233802949078381e-05,0.0002087989851133898,0.00023144799342844635,0.00021999698947183788
25.0,18,RMP,baseline,0.000959803001023829,4.7455032472498715e-05,3.5541990655474365e-05,0.0003845109749818221,0.0001388709933962673,0.0
25.0,18,RMP,optimized,0.00049641499936115,4.250700294505805e-05,2.6130990590900183e-05,0.00011554198863450438,0.00012516402057372034,0.00011070599430240691
25.0,19,RMP,baseline,0.0010134549957001582,5.050997424405068e-05,3.348605241626501e-05,0.00041114895429927856,0.00014892200124450028,0.0
25.0,19,RMP,optimized,0.000773912004660815,5.557204713113606e-05,3.86569881811738e-05,0.00016750900249462575,0.0002080789563478902,0.00016951402358245105
25.0,20,RMP,baseline,0.0010170269961236045,4.8143003368750215e-05,3.324198769405484e-05,0.00039950299833435565,0.0001591220061527565,0.0
25.0,20,RMP,optimized,0.0005107739998493344,4.520200309343636e-05,2.7467976906336844e-05,0.00011627000640146434,0.00013186901924200356,0.0001124919654102996
25.0,21,RMP,baseline,0.0013881879858672619,6.415598909370601e-05,5.731404235120863e-05,0.0005470099567901343,0.0002142929588444531,0.0
25.0,21,RMP,optimized,0.0007599460077472031,5.3130017477087677e-05,3.636401379480958e-05,0.0001921010116348043,0.00017528104945085943,0.00017634597315918654
25.0,22,RMP,baseline,0.0010341970046283677,5.1544979214668274e-05,3.471499076113105e-05,0.0004031899734400213,0.0001576610084157437,0.0
25.0,22,RMP,optimized,0.0005314099980751052,4.589300078805536e-05,2.7126996428705752e-05,0.00011911900946870446,0.0001452579745091498,0.00011286698281764984
25.0,23,RMP,baseline,0.001247923995833844,5.865700950380415e-05,4.096102202311158e-05,0.000452537031378597,0.0001823290076572448,0.0
25.0,23,RMP,optimized,0.0005871280009159818,4.8605012125335634e-05,3.178100450895727e-05,0.00014819201896898448,0.00014050099707674235,0.00012800599506590515
25.0,24,RMP,baseline,0.0009886249899864197,4.647404421120882e-05,3.3166928915306926e-05,0.0004014639853266999,0.0001457000180380419,0.0
25.0,24,RMP,optimized,0.0005122310103615746,4.749002982862294e-05,2.6382957003079355e-05,0.00012104796769563109,0.00013081000361125916,0.00011011601600330323
25.0,25,RMP,baseline,0.001037195004755631,4.858501779381186e-05,3.394803206901997e-05,0.0004250619967933744,0.000148229009937495,0.0
25.0,25,RMP,optimized,0.0005634559929603711,4.872998397331685e-05,3.0389026505872607e-05,0.0001261919824173674,0.00014159099373500794,0.00011834598262794316
25.0,26,RMP,baseline,0.0022726320021320134,9.947799844667315e-05,6.0806996771134436e-05,0.0007445499795721844,0.0005985179886920378,0.0
25.0,26,RMP,optimized,0.0006789879989810288,5.632797547150403e-05,3.516902506817132e-05,0.00015197500761132687,0.00018784099665936083,0.0001396690058754757
25.0,27,RMP,baseline,0.0010372510005254298,4.9586029490455985e-05,4.1060979128815234e-05,0.00040167802944779396,0.00015021297440398484,0.0
25.0,27,RMP,optimized,0.0005471390031743795,4.586002614814788e-05,2.84060079138726e-05,0.00011820998042821884,0.0001575439964653924,0.00011160197027493268
25.0,28,RMP,baseline,0.0011461160029284656,5.196502024773508e-05,3.8757993024773896e-05,0.00044282901217229664,0.00016334300744347274,0.0
25.0,28,RMP,optimized,0.0005209200026001781,4.7312030801549554e-05,2.8014997951686382e-05,0.00012414799130056053,0.00013074798334855586,0.00011330199777148664
25.0,29,RMP,baseline,0.0009769730095285922,4.594502388499677e-05,3.280497912783176e-05,0.00038884402601979673,0.00014435099728871137,0.0
25.0,29,RMP,optimized,0.0004910230054520071,4.33040113421157e-05,2.6041976525448263e-05,0.00011294000432826579,0.0001241460267920047,0.0001082230155589059
25.0,30,RMP,baseline,0.0011715379951056093,5.102304567117244e-05,4.129300941713154e-05,0.0004458020121091977,0.00016942904039751738,0.0
25.0,30,RMP,optimized,0.0005333559965947643,4.388202796690166e-05,3.5347024095244706e-05,0.00012257302296347916,0.0001325189950875938,0.0001149430318037048
25.0,31,RMP,baseline,0.00100464400020428,5.07700169691816e-05,4.1097053326666355e-05,0.0003953709820052609,0.00014683698827866465,0.0
25.0,31,RMP,optimized,0.0005650470120599493,4.8962028813548386e-05,2.9821996577084064e-05,0.00013207702431827784,0.00014237797586247325,0.00012249700375832617
25.0,32,RMP,baseline,0.0012312969920458272,5.421903915703297e-05,4.1252991650253534e-05,0.0004415829898789525,0.00018006104801315814,0.0
25.0,32,RMP,optimized,0.0006609350093640387,4.718702984973788e-05,3.2962983823381364e-05,0.00016920699272304773,0.00019039699691347778,0.00012614301522262394
25.0,33,RMP,baseline,0.0011590479989536107,5.357401096262038e-05,3.875097900163382e-05,0.00048043602146208286,0.00016982201486825943,0.0
25.0,33,RMP,optimized,0.0006296500068856403,4.9299022066406906e-05,3.201600338798016e-05,0.00014601400471292436,0.00015023001469671726,0.0001506109838373959
25.0,34,RMP,baseline,0.0010598269873298705,4.9083027988672256e-05,3.532500704750419e-05,0.0004100599908269942,0.00015525096387136728,0.0
25.0,34,RMP,optimized,0.0007248509937198833,4.6317989472299814e-05,2.906502049881965e-05,0.00012347196752671152,0.00015040498692542315,0.00011729897232726216
25.0,35,RMP,baseline,0.0013017610035603866,5.864004197064787e-05,4.3421037844382226e-05,0.0005396939959609881,0.00019237503875046968,0.0
25.0,35,RMP,optimized,0.0006792860076529905,5.4427990107797086e-05,4.7222027205862105e-05,0.0001563089608680457,0.0001481260114815086,0.00013233802746981382
25.0,36,RMP,baseline,0.0012083089968655258,7.155499770306051e-05,4.7547975555062294e-05,0.00048779399367049336,0.00016994102043099701,0.0
25.0,36,RMP,optimized,0.0004867910029133782,4.2153013055212796e-05,2.6227018679492176e-05,0.00011340600030962378,0.00012564499047584832,0.00010680999548640102
25.0,37,RMP,baseline,0.0011585989996092394,5.257298471406102e-05,4.140996315982193e-05,0.0004448129911907017,0.0001903640222735703,0.0
25.0,37,RMP,optimized,0.000579889994696714,4.6214991016313434e-05,3.0551047530025244e-05,0.00013509798736777157,0.00015481699665542692,0.00012492603855207562
25.0,38,RMP,baseline,0.002490981001756154,9.412097278982401e-05,9.236499317921698e-05,0.0008621080196462572,0.00040301200351677835,0.0
25.0,38,RMP,optimized,0.0006544600037159398,5.78109611524269e-05,3.5361998016014695e-05,0.00015372400230262429,0.00016449499526061118,0.00013347499771043658
25.0,39,RMP,baseline,0.0009869380010059103,6.534501153510064e-05,3.480601299088448e-05,0.0003872840170515701,0.0001428549730917439,0.0
25.0,39,RMP,optimized,0.0004970449954271317,4.251698555890471e-05,2.541301364544779e-05,0.00011447301949374378,0.00012523501936811954,0.0001086289994418621
25.0,40,RMP,baseline,0.0010412849951535463,5.566001345869154e-05,3.3318952773697674e-05,0.00039380202360916883,0.0001837379822973162,0.0
25.0,40,RMP,optimized,0.0005286530067678541,4.5963985030539334e-05,3.487899084575474e-05,0.00011821099906228483,0.00013558901264332235,0.00011136001558043063
25.0,41,RMP,baseline,0.002759663009783253,0.00011351400462444872,8.413498289883137e-05,0.0009202119981637225,0.0004051610012538731,0.0
25.0,41,RMP,optimized,0.0007705730095040053,6.040200241841376e-05,3.7142017390578985e-05,0.00018408198957331479,0.00019405200146138668,0.00015571003314107656
25.0,42,RMP,baseline,0.0010581660026218742,5.034900095779449e-05,4.363904008641839e-05,0.00040303601417690516,0.0001676190149737522,0.0
25.0,42,RMP,optimized,0.0005012990004615858,4.447696846909821e-05,2.7350004529580474e-05,0.00011529501352924854,0.00013039498298894614,0.00010854998254217207
25.0,43,RMP,baseline,0.0011957259994233027,5.0853006541728973e-05,3.8406928069889545e-05,0.0004465260135475546,0.00016592201427556574,0.0
25.0,43,RMP,optimized,0.0005925630102865398,4.914600867778063e-05,3.126497904304415e-05,0.0001352829858660698,0.00015792097838129848,0.00012705204426310956
25.0,44,RMP,baseline,0.0010584900010144338,4.866901144850999e-05,3.345095319673419e-05,0.00044140900718048215,0.00015347699809353799,0.0
25.0,44,RMP,optimized,0.0005307290120981634,4.647699825000018e-05,2.8684968128800392e-05,0.00012416602112352848,0.0001363880146527663,0.0001148060109699145
25.0,45,RMP,baseline,0.0011892180045833811,6.925802154000849e-05,4.125398118048906e-05,0.0004675870295614004,0.00016955501632764935,0.0
25.0,45,RMP,optimized,0.0006027439958415926,5.09160163346678e-05,3.925900091417134e-05,0.00013643997954204679,0.00016075294115580618,0.00012981798499822617
25.0,46,RMP,baseline,0.0009907350031426176,4.7778041334822774e-05,3.982199996244162e-05,0.00039466698945034295,0.00014340902271214873,0.0
25.0,46,RMP,optimized,0.0005962919967714697,4.737799463327974e-05,3.113294951617718e-05,0.00013073997979518026,0.00014831199951004237,0.00015135802095755935
25.0,47,RMP,baseline,0.001058146997820586,5.139398854225874e-05,4.5070002670399845e-05,0.00041016502655111253,0.00015878402336966246,0.0
25.0,47,RMP,optimized,0.0005447489966172725,4.686100874096155e-05,2.9049988370388746e-05,0.00012383003195282072,0.0001411220000591129,0.00012056402920279652
25.0,48,RMP,baseline,0.0009765299910213798,4.94559935759753e-05,3.249701694585383e-05,0.0003889760409947485,0.00014497402298729867,0.0
25.0,48,RMP,optimized,0.0005988030025037006,4.521601658780128e-05,3.169001138303429e-05,0.00013107300037518144,0.00017117102106567472,0.00013185203715693206
25.0,49,RMP,baseline,0.0011249040107941255,5.2813978982158005e-05,3.91429930459708e-05,0.0004401789919938892,0.0001652740320423618,0.0
25.0,49,RMP,optimized,0.0005302030040184036,4.7236986574716866e-05,2.773400046862662e-05,0.0001239440025528893,0.00013509397103916854,0.0001142959954449907
25.0,50,RMP,baseline,0.004149901011260226,0.00018657598411664367,0.00011285899381618947,0.0013101879449095577,0.001082476956071332,0.0
25.0,50,RMP,optimized,0.0006887560011819005,5.494798824656755e-05,4.4548025471158326e-05,0.0001577170187374577,0.0001667649921728298,0.00013671400665771216
25.0,51,RMP,baseline,0.000999112002318725,4.908400296699256e-05,3.243100945837796e-05,0.0004090589936822653,0.00014261805335991085,0.0
25.0,51,RMP,optimized,0.0005023929988965392,4.2889994801953435e-05,2.6869034627452493e-05,0.0001143599656643346,0.0001284709869651124,0.00011293402349110693
25.0,52,RMP,baseline,0.0010812399996211752,4.812396946363151e-05,4.511700535658747e-05,0.00046478597505483776,0.0001522579841548577,0.0
25.0,52,RMP,optimized,0.0005688710079994053,4.790104867424816e-05,3.073402331210673e-05,0.0001352580002276227,0.00014398196071851999,0.0001215019728988409
25.0,53,RMP,baseline,0.0010799909941852093,4.993796756025404e-05,4.0853978134691715e-05,0.0004104830150026828,0.00016825899365358055,0.0
25.0,53,RMP,optimized,0.00105089700082317,7.030399865470827e-05,4.417802847456187e-05,0.00022240601538214833,0.0003258339565945789,0.0002466760197421536
25.0,54,RMP,baseline,0.0010049839911516756,4.920402716379613e-05,3.417801053728908e-05,0.0003914550325134769,0.00014933300553821027,0.0
25.0,54,RMP,optimized,0.000533144993823953,4.461001663003117e-05,4.21749718952924e-05,0.00012083601905032992,0.00013530701107811183,0.00011468798038549721
25.0,55,RMP,baseline,0.0022706210002070293,9.90259723039344e-05,9.028699423652142e-05,0.0008752160065341741,0.0003672859602374956,0.0
25.0,55,RMP,optimized,0.0005900719988858327,4.934299795422703e-05,3.0951021471992135e-05,0.00013857499288860708,0.00014739399193786085,0.00013114497414790094
25.0,56,RMP,baseline,0.0014699929888593033,6.545399082824588e-05,5.736001185141504e-05,0.0005653629923472181,0.00021832097263541073,0.0
25.0,56,RMP,optimized,0.0009337940136902034,7.394104613922536e-05,5.3083975217305124e-05,0.00021201801428105682,0.00023356500605586916,0.00021788003505207598
25.0,57,RMP,baseline,0.0010582649993011728,5.183301982469857e-05,4.503001400735229e-05,0.0004209620092296973,0.0001518200006103143,0.0
25.0,57,RMP,optimized,0.0005368559941416606,4.519801586866379e-05,2.871296601369977e-05,0.00012317199434619397,0.0001377119479002431,0.00011662500037346035
25.0,58,RMP,baseline,0.0011475829960545525,5.278504977468401e-05,3.8075988413766026e-05,0.0004601319960784167,0.00016819998563732952,0.0
25.0,58,RMP,optimized,0.0005943630094407126,5.1364011596888304e-05,3.2512994948774576e-05,0.00013944403326604515,0.00014781704521737993,0.00012760800018440932
25.0,59,RMP,baseline,0.0010826210054801777,5.6025994126684964e-05,3.7322999560274184e-05,0.0004231019993312657,0.0001632089988561347,0.0
25.0,59,RMP,optimized,0.0007932809967314824,5.9350000810809433e-05,4.346897185314447e-05,0.00018360899412073195,0.00023618301202077419,0.0001642150164116174
25.0,60,RMP,baseline,0.0010883869981626049,5.0731003284454346e-05,3.52060014847666e-05,0.0004280950379325077,0.00016339797002729028,0.0
25.0,60,RMP,optimized,0.0005614050023723394,4.789498052559793e-05,3.028697392437607e-05,0.00014077902596909553,0.00014392801676876843,0.00011842195817735046
25.0,61,RMP,baseline,0.0012807180028175935,6.659900827798992e-05,4.4235013774596155e-05,0.0005048090097261593,0.00020405299437697977,0.0
25.0,61,RMP,optimized,0.0005450760072562844,4.86310018459335e-05,2.9364004149101675e-05,0.0001237099786521867,0.00013994000619277358,0.00011731999984476715
25.0,62,RMP,baseline,0.0011000829981639981,5.217401485424489e-05,4.743304452858865e-05,0.0004328309587435797,0.00017256999853998423,0.0
25.0,62,RMP,optimized,0.0006115120049798861,4.905102832708508e-05,3.1395014957524836e-05,0.0001596079528098926,0.0001513319875812158,0.00012875600077677518
25.0,63,RMP,baseline,0.001364433002891019,6.107197259552777e-05,4.643495776690543e-05,0.0004991799942217767,0.00023167504696175456,0.0
25.0,63,RMP,optimized,0.0006213199958438054,4.7730980440974236e-05,6.335704529192299e-05,0.00014233500405680388,0.00014714800636284053,0.00013163698895368725
25.0,64,RMP,baseline,0.001079523004591465,5.2117989980615675e-05,3.74549999833107e-05,0.0004247049946570769,0.00016065695672295988,0.0
25.0,64,RMP,optimized,0.0005291830020723864,4.907496622763574e-05,2.7757996576838195e-05,0.00012082098692189902,0.00013276099343784153,0.00011447702127043158
25.0,65,RMP,baseline,0.0009654610039433464,4.809699021279812e-05,3.3127027563750744e-05,0.00038004200905561447,0.00014031899627298117,0.0
25.0,65,RMP,optimized,0.0005219779995968565,4.7520967200398445e-05,2.9341972549445927e-05,0.00011698999151121825,0.0001323329925071448,0.00011377700138837099
25.0,66,RMP,baseline,0.0010036210005637258,4.773397813551128e-05,3.413901140447706e-05,0.0004054329911014065,0.00014812796143814921,0.0
25.0,66,RMP,optimized,0.0004869530093856156,4.1225997847504914e-05,2.569200296420604e-05,0.00011110201012343168,0.00012543196498882025,0.00010658604151103646
25.0,67,RMP,baseline,0.0011166850017616525,5.2687988500110805e-05,6.0986989410594106e-05,0.0004406730004120618,0.0001653889921726659,0.0
25.0,67,RMP,optimized,0.0007642150012543425,6.577499152626842e-05,3.898897557519376e-05,0.00017916002252604812,0.00020169799972791225,0.00017590899369679391
25.0,68,RMP,baseline,0.0010625130089465529,4.99079906148836e-05,3.551995905581862e-05,0.00043164496310055256,0.00015924703620839864,0.0
25.0,68,RMP,optimized,0.0005798560014227405,4.786594945471734e-05,2.9639035346917808e-05,0.00013066000246908516,0.0001464870001655072,0.0001231809874298051
25.0,69,RMP,baseline,0.0011495180078782141,6.458301504608244e-05,3.974096034653485e-05,0.00046397201367653906,0.00017002296226564795,0.0
25.0,69,RMP,optimized,0.0005180239968467504,4.454902955330908e-05,2.763001248240471e-05,0.00011758695472963154,0.00013289699563756585,0.00011756001913454384
25.0,70,RMP,baseline,0.001065327989635989,5.053398490417749e-05,3.6280020140111446e-05,0.0004283099842723459,0.00016060499183367938,0.0
25.0,70,RMP,optimized,0.0007091849984135479,5.5606025853194296e-05,3.870404907502234e-05,0.00015580396575387567,0.00018715797341428697,0.0001482119841966778
25.0,71,RMP,baseline,0.0010413150012027472,5.283200880512595e-05,3.708101576194167e-05,0.00040721702680457383,0.0001654299849178642,0.0
25.0,71,RMP,optimized,0.0005567259941017255,4.649203037843108e-05,4.274801176507026e-05,0.00012742097896989435,0.0001408899697707966,0.00011906199506483972
25.0,72,RMP,baseline,0.001229179004440084,5.3612006013281643e-05,4.732598608825356e-05,0.00045718500041402876,0.00019003402849193662,0.0
25.0,72,RMP,optimized,0.000849891992402263,5.3818002925254405e-05,4.905500099994242e-05,0.0001601699914317578,0.0002794790198095143,0.00014394396566785872
25.0,73,RMP,baseline,0.00106271100230515,5.1547031034715474e-05,3.5539036616683006e-05,0.0004117350181331858,0.00018222992366645485,0.0
25.0,73,RMP,optimized,0.0005540879938052967,4.4864980736747384e-05,2.8687005396932364e-05,0.00013934697199147195,0.00014029901649337262,0.0001145000132964924
25.0,74,RMP,baseline,0.0011009239970007911,5.3689946071244776e-05,3.802202991209924e-05,0.0004276040126569569,0.0001660629641264677,0.0
25.0,74,RMP,optimized,0.0006187580002006143,4.896197060588747e-05,3.150200063828379e-05,0.00015569700917694718,0.0001646189921302721,0.00012578602763824165
25.0,75,RMP,baseline,0.0011498980020405725,5.0104965339414775e-05,3.650505095720291e-05,0.00045232800766825676,0.000172288971953094,0.0
25.0,75,RMP,optimized,0.0006936970021342859,7.685502350796014e-05,3.714901686180383e-05,0.000159180024638772,0.0001675649982644245,0.00014216794806998223
25.0,76,RMP,baseline,0.0010946010006591678,5.181800224818289e-05,4.924100358039141e-05,0.0004293980309739709,0.00016005599172785878,0.0
25.0,76,RMP,optimized,0.0005943930009379983,4.786800127476454e-05,3.2004041713662446e-05,0.00013354398834053427,0.0001626290031708777,0.0001274830283364281
25.0,77,RMP,baseline,0.0012755119969369844,6.058801955077797e-05,4.3591964640654624e-05,0.00048070601769723,0.00020235002739354968,0.0
25.0,77,RMP,optimized,0.0006090000097174197,5.5868993513286114e-05,3.3256030292250216e-05,0.00013635301729664207,0.0001639599649934098,0.00012927607167512178
25.0,78,RMP,baseline,0.0010532430023886263,5.0159957027062774e-05,3.992598794866353e-05,0.00040901701140683144,0.00015514300321228802,0.0
25.0,78,RMP,optimized,0.0005468900053529069,4.7057998017407954e-05,3.1961011700332165e-05,0.0001240259880432859,0.0001428269752068445,0.00012001600407529622
25.0,79,RMP,baseline,0.000975668997853063,4.816996806766838e-05,3.53070063283667e-05,0.0003855250688502565,0.00014429799921344966,0.0
25.0,79,RMP,optimized,0.0005834709882037714,4.6365035814233124e-05,2.894196950364858e-05,0.00012240199430380017,0.00013928198313806206,0.00011607799388002604
25.0,80,RMP,baseline,0.002403934995527379,0.000125433987705037,0.0001354790001641959,0.0010837990121217445,0.000305475972709246,0.0
25.0,80,RMP,optimized,0.000710016000084579,5.5209966376423836e-05,3.676900814753026e-05,0.00016893600695766509,0.00019669299945235252,0.0001435280282748863
25.0,81,RMP,baseline,0.0010816010035341606,5.0062022637575865e-05,3.574402944650501e-05,0.00042278802720829844,0.0001627200108487159,0.0
25.0,81,RMP,optimized,0.0005861969984835014,4.660102422349155e-05,5.084298027213663e-05,0.00014095695223659277,0.00014365901006385684,0.00011937199451494962
25.0,82,RMP,baseline,0.0011383449891582131,5.464302375912666e-05,5.43509959243238e-05,0.00043289695167914033,0.0001731440279399976,0.0
25.0,82,RMP,optimized,0.0005430809978861362,4.639499820768833e-05,2.7183006750419736e-05,0.0001285960024688393,0.00013858696911484003,0.00011712800187524408
25.0,83,RMP,baseline,0.0010176880023209378,5.1485971198417246e-05,3.360002301633358e-05,0.0004052339936606586,0.00015590901602990925,0.0
25.0,83,RMP,optimized,0.0014113399956841022,6.727399886585772e-05,5.65610098419711e-05,0.00043319896212778986,0.00029526099388021976,0.00040565703238826245
25.0,84,RMP,baseline,0.0010673090000636876,5.0183021812699735e-05,3.600001218728721e-05,0.00044601895206142217,0.00015539997548330575,0.0
25.0,84,RMP,optimized,0.0006368899921653792,4.611299664247781e-05,3.947802179027349e-05,0.00017068006854970008,0.00015011797950137407,0.00012321199756115675
25.0,85,RMP,baseline,0.0010762510064523667,4.959499347023666e-05,3.558798925951123e-05,0.0004434999427758157,0.00016168496222235262,0.0
25.0,85,RMP,optimized,0.0005315739981597289,4.6918008592911065e-05,2.9405971872620285e-05,0.00011950096813961864,0.00013793497055303305,0.00011471900506876409
25.0,86,RMP,baseline,0.0009962629992514849,4.762002208735794e-05,3.41229751938954e-05,0.0004060589417349547,0.00014562200522050261,0.0
25.0,86,RMP,optimized,0.0005797880003228784,4.941399674862623e-05,4.30379732279107e-05,0.0001337979920208454,0.0001443079672753811,0.0001225320593221113
25.0,87,RMP,baseline,0.0010846180084627122,5.113299994263798e-05,5.4459989769384265e-05,0.0004305030161049217,0.00016900702030397952,0.0
25.0,87,RMP,optimized,0.0005453939957078546,4.320396692492068e-05,2.7935951948165894e-05,0.00012601201888173819,0.00013512598525267094,0.0001292260130867362
25.0,88,RMP,baseline,0.001084351009922102,5.116002284921706e-05,3.714600461535156e-05,0.00043173000449314713,0.00016246704035438597,0.0
25.0,88,RMP,optimized,0.0006501579919131473,5.183101166039705e-05,4.4334985432215035e-05,0.00014025502605363727,0.00018273504974786192,0.0001295849506277591
25.0,89,RMP,baseline,0.001093440005206503,5.174397665541619e-05,3.80289857275784e-05,0.0004489849816309288,0.0001602849952178076,0.0
25.0,89,RMP,optimized,0.0006515169952763245,4.517902561929077e-05,3.1691015465185046e-05,0.0001368219527648762,0.0001540480152470991,0.00018695495964493603
25.0,90,RMP,baseline,0.0010643010027706623,5.042897828388959e-05,3.6339988582767546e-05,0.00041597701783757657,0.0001603910350240767,0.0
25.0,90,RMP,optimized,0.0005353860033210367,4.679997800849378e-05,2.7511981897987425e-05,0.00012241194781381637,0.0001420299959136173,0.00011832299060188234
25.0,91,RMP,baseline,0.0011477250081952661,5.44979702681303e-05,3.776999074034393e-05,0.0004580879904096946,0.00017647301137913018,0.0
25.0,91,RMP,optimized,0.000583817993174307,4.999896918889135e-05,3.958499291911721e-05,0.00013370095985010266,0.00015051396621856838,0.00012343497655820101
25.0,92,RMP,baseline,0.0010820440074894577,4.9636990297585726e-05,3.411198849789798e-05,0.00043512800766620785,0.00018187399837188423,0.0
25.0,92,RMP,optimized,0.0005354799941414967,4.7802968765608966e-05,2.9875023756176233e-05,0.00012229800631757826,0.00013811401731800288,0.00011909498425666243
25.0,93,RMP,baseline,0.0015333449991885573,6.222202500794083e-05,5.677001900039613e-05,0.0005362839583540335,0.0002616889833007008,0.0
25.0,93,RMP,optimized,0.0009692979947431013,7.934102904982865e-05,5.2269999287091196e-05,0.00023424901883117855,0.0002750770072452724,0.00018471099610906094
25.0,94,RMP,baseline,0.001160829997388646,6.320999818854034e-05,4.2284009396098554e-05,0.0004773200344061479,0.00016896396118681878,0.0
25.0,94,RMP,optimized,0.0005587280029430985,5.6881995988078415e-05,2.8244030545465648e-05,0.00012401996355038136,0.000145779995364137,0.00012021997827105224
25.0,95,RMP,baseline,0.0011125129967695102,5.151799996383488e-05,3.580001066438854e-05,0.0004183479613857344,0.00016675300139468163,0.0
25.0,95,RMP,optimized,0.0007188210001913831,0.00014705599460285157,3.640801878646016e-05,0.00014096101222094148,0.00015699199866503477,0.00013581600796896964
25.0,96,RMP,baseline,0.001411853008903563,5.282097845338285e-05,4.008202813565731e-05,0.0006325830181594938,0.0001770089875208214,0.0
25.0,96,RMP,optimized,0.0005771360010839999,4.821698530577123e-05,3.700598608702421e-05,0.00013189601304475218,0.0001436429884051904,0.00012380903353914618
25.0,97,RMP,baseline,0.0010321209992980585,4.877801984548569e-05,4.1368984966538846e-05,0.0003899550065398216,0.00017287000082433224,0.0
25.0,97,RMP,optimized,0.0005695700092473999,4.508298297878355e-05,2.92899931082502e-05,0.00012656401668209583,0.00013936604955233634,0.0001374780258629471
25.0,98,RMP,baseline,0.0010743019956862554,5.380796210374683e-05,3.6251964047551155e-05,0.00040924298809841275,0.0001769549708114937,0.0
25.0,98,RMP,optimized,0.000521659996593371,4.585899296216667e-05,2.772499283310026e-05,0.00011919002281501889,0.0001336249551968649,0.00011529200128279626
25.0,99,RMP,baseline,0.0012457150005502626,6.798202230129391e-05,4.2756961192935705e-05,0.0004642459680326283,0.00021783100964967161,0.0
25.0,99,RMP,optimized,0.002119212003890425,0.00012600398622453213,9.251198207493871e-05,0.0004319240106269717,0.000755017957999371,0.00041646101453807205
25.0,100,RMP,baseline,0.0010283099982189015,5.102899740450084e-05,3.6509023630060256e-05,0.0004148779989918694,0.00014937100058887154,0.0
25.0,100,RMP,optimized,0.0004891829885309562,4.3876993004232645e-05,2.6506982976570725e-05,0.00011091498890891671,0.0001263060257770121,0.00010372701217420399
25.0,101,RMP,baseline,0.0010152320028282702,4.997997893951833e-05,4.666100721806288e-05,0.0003996410232502967,0.00015080301091074944,0.0
25.0,101,RMP,optimized,0.0005460149986902252,4.420804907567799e-05,4.7613997594453394e-05,0.0001226250024046749,0.00013439901522360742,0.00011471298057585955
25.0,102,RMP,baseline,0.001505902997450903,5.568598862737417e-05,4.175995127297938e-05,0.0006439909775508568,0.00019075191812589765,0.0
25.0,102,RMP,optimized,0.0007073879969539121,5.165299808140844e-05,3.727500734385103e-05,0.00017199099238496274,0.0001914180174935609,0.00014256696158554405
25.0,103,RMP,baseline,0.0010632400080794469,4.8856978537514806e-05,4.778405127581209e-05,0.0004099450306966901,0.00015785900177434087,0.0
25.0,103,RMP,optimized,0.0005584149912465364,4.638300742954016e-05,3.0401948606595397e-05,0.000136085000121966,0.00014732600538991392,0.00011578096018638462
25.0,104,RMP,baseline,0.0012137940066168085,7.281496073119342e-05,5.476496880874038e-05,0.0005043460114393383,0.00016319697897415608,0.0
25.0,104,RMP,optimized,0.0006029400101397187,4.813000850845128e-05,3.0898983823135495e-05,0.00014097402163315564,0.00014667098002973944,0.00014830594591330737
25.0,105,RMP,baseline,0.0010291439975844696,4.826002987101674e-05,3.388899494893849e-05,0.00041425701056141406,0.0001488010457251221,0.0
25.0,105,RMP,optimized,0.0004987180000171065,4.332498065195978e-05,2.6802998036146164e-05,0.00011735402222257107,0.00012837302347179502,0.0001089699799194932
25.0,106,RMP,baseline,0.0021499290014617145,8.904399874154478e-05,7.894703594502062e-05,0.0007978999929036945,0.00034440902527421713,0.0
25.0,106,RMP,optimized,0.0010315420076949522,7.734903192613274e-05,6.049098738003522e-05,0.00024698102788534015,0.00028827402275055647,0.00021610598196275532
25.0,107,RMP,baseline,0.001014732988551259,5.4145988542586565e-05,4.51130181318149e-05,0.00040219107177108526,0.00014741996710654348,0.0
25.0,107,RMP,optimized,0.0006207489932421595,5.1587994676083326e-05,3.3551958040334284e-05,0.00014823600940871984,0.00016954803140833974,0.00012506599887274206
25.0,108,RMP,baseline,0.001022123993607238,5.1047958550043404e-05,4.013603029306978e-05,0.0004125800041947514,0.00015022298612166196,0.0
25.0,108,RMP,optimized,0.0009384619916090742,7.11110042175278e-05,0.00011739596084225923,0.00017247803043574095,0.0001751170348143205,0.00021887797629460692
25.0,109,RMP,baseline,0.0011032530019292608,5.1959999836981297e-05,3.864397876895964e-05,0.0004464690136956051,0.00016381697787437588,0.0
25.0,109,RMP,optimized,0.000584187000640668,8.9120032498613e-05,3.122299676761031e-05,0.00012943698675371706,0.0001363290211884305,0.00011967799218837172
25.0,110,RMP,baseline,0.0017930129979504272,8.393399184569716e-05,7.175699283834547e-05,0.0007435949519276619,0.00028170100995339453,0.0
25.0,110,RMP,optimized,0.0008912329940358177,6.06010144110769e-05,4.2015992221422493e-05,0.00020066402794327587,0.00019409498781897128,0.00026364903897047043
25.0,111,RMP,baseline,0.0014182070008246228,7.519502833019942e-05,0.00014698495215270668,0.0005245560314506292,0.0001991370227187872,0.0
25.0,111,RMP,optimized,0.0005487750022439286,4.700997669715434e-05,2.9429997084662318e-05,0.00012654400779865682,0.00014172702503856272,0.00011858499783556908
25.0,112,RMP,baseline,0.0014499370008707047,6.426003528758883e-05,9.738402150105685e-05,0.0005913690256420523,0.00020531294285319746,0.0
25.0,112,RMP,optimized,0.0005336299946065992,4.532700404524803e-05,2.750604471657425e-05,0.00012500800949055701,0.0001360809983452782,0.0001162289991043508
25.0,113,RMP,baseline,0.001286063008592464,5.843502003699541e-05,6.926398782525212e-05,0.0004955950134899467,0.0001911820436362177,0.0
25.0,113,RMP,optimized,0.0007793600088916719,0.00010572897735983133,4.1535982745699584e-05,0.0001686650066403672,0.00018460999126546085,0.0001566119899507612
25.0,114,RMP,baseline,0.001087860990082845,4.91010578116402e-05,4.5182983740232885e-05,0.00044270195940043777,0.00015516798885073513,0.0
25.0,114,RMP,optimized,0.0005991400103084743,4.1444014641456306e-05,2.462098200339824e-05,0.00010603501868899912,0.0001253889931831509,0.00010514496534597129
25.0,115,RMP,baseline,0.0009848339977907017,4.749401705339551e-05,3.30610346281901e-05,0.0003908859653165564,0.00014461201499216259,0.0
25.0,115,RMP,optimized,0.0005277479940559715,4.70229861093685e-05,2.924402360804379e-05,0.00012192495341878384,0.00013765001494903117,0.00011602698941715062
25.0,116,RMP,baseline,0.0010256850073346868,5.068398604635149e-05,3.354897489771247e-05,0.0004101259837625548,0.0001478269841754809,0.0
25.0,116,RMP,optimized,0.0005515399971045554,4.4441010686568916e-05,2.836804196704179e-05,0.00014822397497482598,0.0001367869699606672,0.00010923903028015047
25.0,117,RMP,baseline,0.0010655619989847764,5.029801104683429e-05,3.5594013752415776e-05,0.00042103894520550966,0.00015849996998440474,0.0
25.0,117,RMP,optimized,0.00053471299179364,4.672903742175549e-05,2.9758040909655392e-05,0.0001244149898411706,0.00013727901387028396,0.00011608400382101536
25.0,118,RMP,baseline,0.001103852002415806,5.08469674969092e-05,3.5604971344582736e-05,0.0004172060143901035,0.00015753900515846908,0.0
25.0,118,RMP,optimized,0.0005586309998761863,4.748797800857574e-05,3.0194016289897263e-05,0.00012229903950355947,0.00015413302753586322,0.00011764596274588257
25.0,119,RMP,baseline,0.0013085719983791932,6.153596041258425e-05,4.7096022171899676e-05,0.0005449880409287289,0.000207529024919495,0.0
25.0,119,RMP,optimized,0.0007418189925374463,5.552697984967381e-05,3.909994848072529e-05,0.00015992797852959484,0.00023265802883543074,0.00014564899902325124
25.0,120,RMP,baseline,0.0009502559987595305,4.7740977606736124e-05,3.271996683906764e-05,0.0003792619827436283,0.00014127597387414426,0.0
25.0,120,RMP,optimized,0.0005390899896156043,4.7401030315086246e-05,2.9485003324225545e-05,0.00012325299030635506,0.00013965200923848897,0.00011648704821709543
25.0,121,RMP,baseline,0.0009962570038624108,4.775401612278074e-05,3.543499042280018e-05,0.0003927190409740433,0.00014372594887390733,0.0
25.0,121,RMP,optimized,0.0005224119959166273,4.403699131216854e-05,2.7989997761324048e-05,0.00011987700418103486,0.0001325599878327921,0.00012100100866518915
25.0,122,RMP,baseline,0.0009954960114555433,5.011598113924265e-05,3.45650187227875e-05,0.00039332998858299106,0.000147222017403692,0.0
25.0,122,RMP,optimized,0.000588226001127623,7.345597259700298e-05,3.187496622558683e-05,0.00012820801930502057,0.00014658199506811798,0.00012247098493389785
25.0,123,RMP,baseline,0.0010806399950524792,6.418094562832266e-05,4.154001362621784e-05,0.00043226199341006577,0.00015260398504324257,0.0
25.0,123,RMP,optimized,0.0005303799989633262,4.488701233640313e-05,2.759000926744193e-05,0.00011612001981120557,0.00013079603377263993,0.00011218893632758409
25.0,124,RMP,baseline,0.0011435699998401105,5.201305611990392e-05,3.6294994060881436e-05,0.0004835620056837797,0.00015620603517163545,0.0
25.0,124,RMP,optimized,0.0005972330109216273,4.959202487953007e-05,3.4477998269721866e-05,0.00013729797501582652,0.0001455770106986165,0.00013378297444432974
25.0,125,RMP,baseline,0.001228053995873779,5.534099182114005e-05,4.315099795348942e-05,0.0004675559903262183,0.00020924501586705446,0.0
25.0,125,RMP,optimized,0.0005424029950518161,4.969301517121494e-05,2.9655988328158855e-05,0.00012272503226995468,0.00013729497732128948,0.00011468202865216881
25.0,126,RMP,baseline,0.0010410730028524995,4.999905650038272e-05,3.593898145481944e-05,0.0004058689810335636,0.0001641119597479701,0.0
25.0,126,RMP,optimized,0.0005615639965981245,4.4313957914710045e-05,2.887300797738135e-05,0.00012417200196068734,0.00014583200390916318,0.00012896701809950173
25.0,127,RMP,baseline,0.0013409859966486692,5.554701783694327e-05,4.6178014599718153e-05,0.0005152999801794067,0.00018907601770479232,0.0
25.0,127,RMP,optimized,0.0005526940076379105,4.6414032112807035e-05,2.9008020646870136e-05,0.0001296480040764436,0.00013673698413185775,0.00011826600530184805
25.0,128,RMP,baseline,0.0009467339987168089,4.506800905801356e-05,3.067398210987449e-05,0.00038014900928828865,0.00013670000771526247,0.0
25.0,128,RMP,optimized,0.000541856003110297,4.6304005081765354e-05,2.898598904721439e-05,0.0001229460322065279,0.000147161990753375,0.00011470400204416364
25.0,129,RMP,baseline,0.001940920003107749,8.650904055684805e-05,8.017005166038871e-05,0.0007375050336122513,0.000303702981909737,0.0
25.0,129,RMP,optimized,0.00104545199428685,9.672300075180829e-05,6.129199755378067e-05,0.00023622599837835878,0.000249867036473006,0.00023600801068823785
25.0,130,RMP,baseline,0.001109931996325031,5.2916991990059614e-05,3.82129946956411e-05,0.0004478439805097878,0.00016572998720221221,0.0
25.0,130,RMP,optimized,0.0005717350140912458,4.760299634654075e-05,3.0613038688898087e-05,0.00012933803373016417,0.00014365999959409237,0.00011752694263122976
25.0,131,RMP,baseline,0.0011899199889739975,4.9869995564222336e-05,3.5241973819211125e-05,0.0005048969760537148,0.00016976498591247946,0.0
25.0,131,RMP,optimized,0.0006245830008992925,4.92830149596557e-05,3.208499401807785e-05,0.00014627100608777255,0.00014587398618459702,0.0001226539898198098
25.0,132,RMP,baseline,0.0009914910042425618,4.829899989999831e-05,3.554798604454845e-05,0.00037432504177559167,0.0001457499893149361,0.0
25.0,132,RMP,optimized,0.0005176090053282678,4.4447981053963304e-05,3.546397783793509e-05,0.00011871899187099189,0.00012976602010894567,0.00011014599294867367
25.0,133,RMP,baseline,0.0011355570022715256,5.151898949407041e-05,4.969103611074388e-05,0.00045520901039708406,0.00018477400590199977,0.0
25.0,133,RMP,optimized,0.0005222559993853793,4.626797453965992e-05,2.8705006116069853e-05,0.00011857599020004272,0.00013242603745311499,0.0001129909505834803
25.0,134,RMP,baseline,0.0009744669951032847,4.635802179109305e-05,3.283603291492909e-05,0.0003969900426454842,0.0001423070061719045,0.0
25.0,134,RMP,optimized,0.000492117993417196,4.355305281933397e-05,2.6464011170901358e-05,0.00010983801621478051,0.00012675403559114784,0.00010764002217911184
25.0,135,RMP,baseline,0.0009988599922508001,4.72690153401345e-05,3.365696466062218e-05,0.0004111039888812229,0.00014645700866822153,0.0
25.0,135,RMP,optimized,0.0005474520003190264,4.3747000745497644e-05,4.321198503021151e-05,0.00012420098937582225,0.00013481797941494733,0.00011998999980278313
25.0,136,RMP,baseline,0.0009677390044089407,4.645598528441042e-05,4.467103281058371e-05,0.0003799930273089558,0.00014161699800752103,0.0
25.0,136,RMP,optimized,0.0006307220028247684,4.659799742512405e-05,7.702498987782747e-05,0.00013115796900819987,0.0001593950146343559,0.00012860697461292148
25.0,137,RMP,baseline,0.0010280979913659394,5.037302616983652e-05,3.58749384758994e-05,0.00041866897663567215,0.00014643398753833026,0.0
25.0,137,RMP,optimized,0.0005082699935883284,4.361398168839514e-05,3.560393815860152e-05,0.00011687798541970551,0.0001272380177397281,0.00011088098108302802
25.0,138,RMP,baseline,0.0012083229958079755,5.0197006203234196e-05,4.222497227601707e-05,0.0004027170070912689,0.00018886796897277236,0.0
25.0,138,RMP,optimized,0.0005882270052097738,4.8897971282713115e-05,4.4985004933550954e-05,0.0001289330393774435,0.00015224103117361665,0.0001214760122820735
25.0,139,RMP,baseline,0.0010661229898687452,5.175404658075422e-05,3.791299241129309e-05,0.0004252090002410114,0.0001542139652883634,0.0
25.0,139,RMP,optimized,0.0006104140047682449,4.9466005293652415e-05,3.298897354397923e-05,0.00013939902419224381,0.00015918498684186488,0.00012964900815859437
25.0,140,RMP,baseline,0.001097227999707684,5.8598947362042964e-05,3.955401189159602e-05,0.0004378420126158744,0.00016984900867100805,0.0
25.0,140,RMP,optimized,0.0005323329969542101,4.756901762448251e-05,2.7777001378126442e-05,0.00012323101691436023,0.0001372220431221649,0.00011561102292034775
25.0,141,RMP,baseline,0.0009797249949770048,4.758598515763879e-05,3.3486998290754855e-05,0.0003908350336132571,0.00014473299961537123,0.0
25.0,141,RMP,optimized,0.0009298989898525178,5.806096305605024e-05,0.00021091899543534964,0.00018772800103761256,0.00018340800306759775,0.00017691199900582433
25.0,142,RMP,baseline,0.0013387259969022125,6.350499461404979e-05,8.410503505729139e-05,0.0005253180279396474,0.00019561198132578284,0.0
25.0,142,RMP,optimized,0.0005354930035537109,4.337599966675043e-05,4.122800601180643e-05,0.0001264729507965967,0.00013069303531665355,0.00011274201096966863
25.0,143,RMP,baseline,0.0011256209982093424,5.29060052940622e-05,3.7753983633592725e-05,0.0004378260055091232,0.00016435298311989754,0.0
25.0,143,RMP,optimized,0.0004972769966116175,4.324202018324286e-05,2.5923000066541135e-05,0.00011315496522001922,0.00012855597015004605,0.00010868698882404715
25.0,144,RMP,baseline,0.0014818010095041245,6.881299486849457e-05,5.1617957069538534e-05,0.000595213015913032,0.00024013698566704988,0.0
25.0,144,RMP,optimized,0.000522314992849715,4.5944005250930786e-05,2.8058027965016663e-05,0.00012221901852171868,0.00013408104132395238,0.00011491197801660746
25.0,145,RMP,baseline,0.0009381749987369403,4.6631990699097514e-05,3.11659969156608e-05,0.0003754830395337194,0.00013660300464835018,0.0
25.0,145,RMP,optimized,0.0006493079999927431,5.0316040869802237e-05,3.232403832953423e-05,0.00014164405001793057,0.00018829098553396761,0.00013658698298968375
25.0,146,RMP,baseline,0.0010869659890886396,5.5347016314044595e-05,5.285000952426344e-05,0.0004097039782209322,0.00017249600205104798,0.0
25.0,146,RMP,optimized,0.0010973280004691333,6.343099812511355e-05,4.351696406956762e-05,0.00048286702076438814,0.00021583199850283563,0.0001636110682738945
25.0,147,RMP,baseline,0.0011320050107315183,5.359001806937158e-05,9.574100840836763e-05,0.00044227401667740196,0.00015483098104596138,0.0
25.0,147,RMP,optimized,0.0005617080023512244,4.434100992511958e-05,4.1358041926287115e-05,0.00012724098633043468,0.00013526895781978965,0.00013130897423252463
25.0,148,RMP,baseline,0.0009978400048566982,4.813398118130863e-05,3.8794009014964104e-05,0.0003924489865312353,0.00014666801143903285,0.0
25.0,148,RMP,optimized,0.0005001849931431934,4.521400842349976e-05,2.764097007457167e-05,0.00011333799920976162,0.00012712797615677118,0.00011206600174773484
25.0,149,RMP,baseline,0.0014624319883296266,8.231298124883324e-05,5.8739984524436295e-05,0.0005808810092275962,0.00023051297466736287,0.0
25.0,149,RMP,optimized,0.0005410989979282022,4.658398393075913e-05,2.799497451633215e-05,0.00013092896551825106,0.0001344750344287604,0.00011627000640146434
25.0,150,RMP,baseline,0.0011077829985879362,5.176801641937345e-05,3.597099566832185e-05,0.00046077099977992475,0.00015768199227750301,0.0
25.0,150,RMP,optimized,0.0005747830000473186,6.014498649165034e-05,3.031299274880439e-05,0.00013166001008357853,0.00013882496568839997,0.00013284303713589907
25.0,151,RMP,baseline,0.001134346006438136,5.386902194004506e-05,3.864201426040381e-05,0.0004596190119627863,0.00016781002341303974,0.0
25.0,151,RMP,optimized,0.0005780740029877052,4.6864995965734124e-05,2.904700522776693e-05,0.00012660905485972762,0.00014096197264734656,0.00011799701314885169
25.0,152,RMP,baseline,0.0010449359979247674,4.8057016101665795e-05,6.279301305767149e-05,0.0003986160008935258,0.0001549209700897336,0.0
25.0,152,RMP,optimized,0.0005295570008456707,4.536203050520271e-05,3.2880998332984746e-05,0.00011900997196789831,0.00013614098133984953,0.0001154599740402773
25.0,153,RMP,baseline,0.0010523459932301193,5.180099105928093e-05,3.497301077004522e-05,0.00042341700464021415,0.00015382996934931725,0.0
25.0,153,RMP,optimized,0.0005531180067919195,4.5751992729492486e-05,2.8317954274825752e-05,0.00012328500451985747,0.00014015499618835747,0.0001154799829237163
25.0,154,RMP,baseline,0.0011701990006258711,5.3875992307439446e-05,5.233900446910411e-05,0.00044274600804783404,0.00019529901328496635,0.0
25.0,154,RMP,optimized,0.0005480980034917593,4.648100002668798e-05,2.8334965463727713e-05,0.0001223380386363715,0.000149679952301085,0.00011586202890612185
25.0,155,RMP,baseline,0.0010593679908197373,5.620898446068168e-05,3.490799281280488e-05,0.0004173010092927143,0.00015479202556889504,0.0
25.0,155,RMP,optimized,0.0005034420028096065,4.364899359643459e-05,2.6733032427728176e-05,0.00011702200572472066,0.00012988595699425787,0.00010882498463615775
25.0,156,RMP,baseline,0.0015644290106138214,7.012997230049223e-05,6.152699643280357e-05,0.000621662984485738,0.00026403799711260945,0.0
25.0,156,RMP,optimized,0.0006963859923416749,0.00013200299872551113,3.287997969891876e-05,0.00013785800547339022,0.00014729800750501454,0.0001340319577138871
25.0,157,RMP,baseline,0.0009198490006383508,4.5396998757496476e-05,2.9645991162396967e-05,0.00037091899139340967,0.0001340109738521278,0.0
25.0,157,RMP,optimized,0.0006141159974504262,4.7032051952555776e-05,3.1517993193119764e-05,0.00014841598749626428,0.00017461300012655556,0.00012415896344464272
25.0,158,RMP,baseline,0.0010465709929121658,5.327700637280941e-05,4.9837035476230085e-05,0.00039928297337610275,0.00016270295600406826,0.0
25.0,158,RMP,optimized,0.0005231899995123968,4.669393820222467e-05,3.0294977477751672e-05,0.00012271807645447552,0.0001331999956164509,0.000113570989924483
25.0,159,RMP,baseline,0.0012752500042552128,5.55059959879145e-05,5.0166985602118075e-05,0.000527700933162123,0.00017066902364604175,0.0
25.0,159,RMP,optimized,0.0010169760062126443,6.907297938596457e-05,9.05589695321396e-05,0.00024169003881979734,0.00025677196390461177,0.00023277003492694348
25.0,160,RMP,baseline,0.0010938909981632605,4.883900692220777e-05,3.5757970181293786e-05,0.00046541698975488544,0.00015447095211129636,0.0
25.0,160,RMP,optimized,0.0005046639998909086,4.510000871960074e-05,2.824098919518292e-05,0.00011648301733657718,0.00013285200111567974,0.00011006899876520038
25.0,161,RMP,baseline,0.0010550320002948865,5.02849870827049e-05,3.5599019611254334e-05,0.00043733602797146887,0.0001492629962740466,0.0
25.0,161,RMP,optimized,0.0009435109968762845,7.423399074468762e-05,3.856502007693052e-05,0.0002237540320493281,0.00029406201792880893,0.00019987898122053593
25.0,162,RMP,baseline,0.001094485996873118,5.005006096325815e-05,3.609099076129496e-05,0.0004293559759389609,0.0001648409670451656,0.0
25.0,162,RMP,optimized,0.0007817260047886521,0.00013347802450880408,4.0817001718096435e-05,0.00016490995767526329,0.00018727299175225198,0.0001488010020693764
25.0,163,RMP,baseline,0.0011802700028056279,5.6379998568445444e-05,4.111598536837846e-05,0.00044274996616877615,0.00018164799257647246,0.0
25.0,163,RMP,optimized,0.0006369190086843446,4.5863023842684925e-05,3.552901034709066e-05,0.00016070099081844091,0.000146436010254547,0.0001557289797347039
25.0,164,RMP,baseline,0.0010851219994947314,5.135002720635384e-05,4.1907012928277254e-05,0.0004397450393298641,0.00015509003424085677,0.0
25.0,164,RMP,optimized,0.0010486530081834644,7.764904876239598e-05,5.977899127174169e-05,0.00027066901384387165,0.0002990560606122017,0.0001849759864853695
25.0,165,RMP,baseline,0.00123555600293912,5.006500578019768e-05,3.309898602310568e-05,0.0004707240150310099,0.0001793529954738915,0.0
25.0,165,RMP,optimized,0.0005334390007192269,4.781300958711654e-05,3.0517010600306094e-05,0.00011806597467511892,0.00013719299749936908,0.00011267299123574048
25.0,166,RMP,baseline,0.0010999219957739115,5.2480027079582214e-05,3.8875004975125194e-05,0.0004591489996528253,0.00016074303130153567,0.0
25.0,166,RMP,optimized,0.0005275069997878745,4.44829638581723e-05,2.7395974029786885e-05,0.0001210449991049245,0.0001334949629381299,0.0001131880417233333
25.0,167,RMP,baseline,0.0012057019921485335,5.5811964557506144e-05,4.2319021304138005e-05,0.0004419779870659113,0.00018561397155281156,0.0
25.0,167,RMP,optimized,0.0005162340094102547,4.543695831671357e-05,2.6806970709003508e-05,0.00011960002302657813,0.00013217599189374596,0.00011234798876103014
25.0,168,RMP,baseline,0.0009456339903408661,4.687403270509094e-05,3.228198329452425e-05,0.00038235599640756845,0.00013373295951168984,0.0
25.0,168,RMP,optimized,0.0005968320037936792,4.50599764008075e-05,2.7882022550329566e-05,0.00013008195674046874,0.0001780540042091161,0.00011571700451895595
25.0,169,RMP,baseline,0.0018297969945706427,9.637197945266962e-05,6.07829715590924e-05,0.0007508269773097709,0.00032431501313112676,0.0
25.0,169,RMP,optimized,0.0005628319922834635,4.7138993977569044e-05,2.922200656030327e-05,0.0001356319698970765,0.00014232702960725874,0.00012154797150287777
25.0,170,RMP,baseline,0.0011269929964328185,5.05820062244311e-05,3.945801290683448e-05,0.00046679400838911533,0.00016972102457657456,0.0
25.0,170,RMP,optimized,0.0005361969961086288,4.438997711986303e-05,2.7514994144439697e-05,0.00011926497973036021,0.00015127999358810484,0.00010939498315565288
25.0,171,RMP,baseline,0.0012777560041286051,6.0566948377527297e-05,4.726802580989897e-05,0.0005013469344703481,0.00019948101544287056,0.0
25.0,171,RMP,optimized,0.0005981869908282533,4.624899884220213e-05,3.091500548180193e-05,0.00014190799265634269,0.00015112204710021615,0.00012127801892347634
25.0,172,RMP,baseline,0.0010118589998455718,4.799896851181984e-05,3.283201658632606e-05,0.0004135360213695094,0.00014648401702288538,0.0
25.0,172,RMP,optimized,0.0005271660047583282,4.4905973481945693e-05,2.8344016754999757e-05,0.00012172298738732934,0.00013222299457993358,0.0001205389853566885
25.0,173,RMP,baseline,0.001022741009364836,4.910098505206406e-05,3.524399653542787e-05,0.00039599701995030046,0.00015204302326310426,0.0
25.0,173,RMP,optimized,0.0006563799979630858,5.5248019634746015e-05,3.362499410286546e-05,0.00014488001761492342,0.00018061597074847668,0.00013617597869597375
25.0,174,RMP,baseline,0.0015479029971174896,6.21459330432117e-05,6.74399925628677e-05,0.0005779690109193325,0.00034834899997804314,0.0
25.0,174,RMP,optimized,0.0005168889911146834,4.4715998228639364e-05,2.781000512186438e-05,0.00011834902397822589,0.00013292499352246523,0.00010960805229842663
25.0,175,RMP,baseline,0.0009729900048114359,4.670699127018452e-05,3.2248004572466016e-05,0.0003680680092656985,0.00015191601414699107,0.0
25.0,175,RMP,optimized,0.0005307179962983355,4.509399877861142e-05,2.949198824353516e-05,0.0001311690139118582,0.00013165398559067398,0.00011098195682279766
25.0,176,RMP,baseline,0.0009786269947653636,4.833699495065957e-05,3.496599674690515e-05,0.0003784440050367266,0.0001458779734093696,0.0
25.0,176,RMP,optimized,0.0005343820084817708,4.6129978727549314e-05,2.6906025595963e-05,0.00012485099432524294,0.00013652900815941393,0.00011313201684970409
25.0,177,RMP,baseline,0.0010109220020240173,6.146197847556323e-05,3.3670003176666796e-05,0.00040476000867784023,0.0001461630017729476,0.0
25.0,177,RMP,optimized,0.00047542199899908155,4.228405305184424e-05,2.56389903370291e-05,0.00010878400644287467,0.0001240770216099918,0.00010620900138746947
25.0,178,RMP,baseline,0.0010581890091998503,5.463798879645765e-05,3.875402035191655e-05,0.00040790198545437306,0.0001560679665999487,0.0
25.0,178,RMP,optimized,0.0006787629972677678,8.023799455258995e-05,3.488700895104557e-05,0.0001349460071651265,0.00017145702440757304,0.00012845896708313376
25.0,179,RMP,baseline,0.001056941007846035,4.609600000549108e-05,3.538301098160446e-05,0.0003829740162473172,0.0002118109550792724,0.0
25.0,179,RMP,optimized,0.0004992520116502419,4.454300506040454e-05,2.738097100518644e-05,0.00011207902571186423,0.0001231889909831807,0.00010746298357844353
25.0,180,RMP,baseline,0.001133494995883666,5.1524926675483584e-05,5.1774040912277997e-05,0.000434109999332577,0.00017513695638626814,0.0
25.0,180,RMP,optimized,0.0006155710143502802,4.967002314515412e-05,3.167700197082013e-05,0.000130237007397227,0.00017227204807568341,0.00012651001452468336
25.0,181,RMP,baseline,0.0010838940070243552,4.9686976126395166e-05,3.502301115076989e-05,0.00041511401650495827,0.00014675299462396652,0.0
25.0,181,RMP,optimized,0.0005770819989265874,4.9464040785096586e-05,3.066702629439533e-05,0.00013333404785953462,0.00014779201592318714,0.00012121100735384971
25.0,182,RMP,baseline,0.00102566099667456,4.759899456985295e-05,4.2813000618480146e-05,0.00041224002779927105,0.00014777600881643593,0.0
25.0,182,RMP,optimized,0.0005812699964735657,4.6959961764514446e-05,2.9826027457602322e-05,0.0001263250014744699,0.0001455399760743603,0.00012152099225204438
25.0,183,RMP,baseline,0.0010387439979240298,5.3764990298077464e-05,3.6287965485826135e-05,0.0004002479981863871,0.00015861396968830377,0.0
25.0,183,RMP,optimized,0.000682215002598241,6.28370326012373e-05,8.573598461225629e-05,0.00013744801981374621,0.00015235804312396795,0.00013525302347261459
25.0,184,RMP,baseline,0.0010271159990224987,4.822597838938236e-05,3.836597898043692e-05,0.00041686098848003894,0.00014944701979402453,0.0
25.0,184,RMP,optimized,0.0005809110007248819,4.571495810523629e-05,3.136497980449349e-05,0.00012353398778941482,0.00014138499682303518,0.0001412780547980219
25.0,185,RMP,baseline,0.0010388800001237541,4.7832014388404787e-05,3.545194340404123e-05,0.00044104202243033797,0.0001475750032113865,0.0
25.0,185,RMP,optimized,0.0006543430063175038,4.9631998990662396e-05,3.1580988434143364e-05,0.0001348030345980078,0.00014547596219927073,0.00013994296023156494
25.0,186,RMP,baseline,0.0010655060032149777,4.86939970869571e-05,3.656103217508644e-05,0.00042402202961966395,0.00016533299640286714,0.0
25.0,186,RMP,optimized,0.00047540399827994406,4.1651001083664596e-05,2.5167028070427477e-05,0.00010781601304188371,0.0001225880259880796,0.00010495499009266496
25.0,187,RMP,baseline,0.0010797340073622763,4.796500434167683e-05,3.6726982216350734e-05,0.0003882279997924343,0.0001493720046710223,0.0
25.0,187,RMP,optimized,0.0005808760033687577,4.5983033487573266e-05,2.9348026146180928e-05,0.00012923500617034733,0.0001352969993604347,0.00014478001685347408
25.0,188,RMP,baseline,0.0015748949954286218,6.969603418838233e-05,5.636797868646681e-05,0.0006393000076059252,0.0002309250266989693,0.0
25.0,188,RMP,optimized,0.0006209480052348226,5.0687973271124065e-05,4.9565991503186524e-05,0.00013924500672146678,0.0001561000244691968,0.0001247379695996642
25.0,189,RMP,baseline,0.001031370004056953,4.7383044147863984e-05,4.1066043195314705e-05,0.00040798001282382756,0.0001524510298622772,0.0
25.0,189,RMP,optimized,0.0004864009970333427,4.1942010284401476e-05,2.5533998268656433e-05,0.00011327200627420098,0.00012303696712478995,0.00010480702621862292
25.0,190,RMP,baseline,0.0014707259979331866,0.0001518950011814013,5.282596976030618e-05,0.0005116490210639313,0.00023119902471080422,0.0
25.0,190,RMP,optimized,0.000590094001381658,5.061199772171676e-05,2.9018017812632024e-05,0.00013813399709761143,0.00015481101581826806,0.00012261605297680944
25.0,191,RMP,baseline,0.000980242999503389,6.143501377664506e-05,3.366598684806377e-05,0.00038528002914972603,0.00014163403830025345,0.0
25.0,191,RMP,optimized,0.0004955699987476692,4.427401290740818e-05,2.6800043997354805e-05,0.00011171499500051141,0.0001259299460798502,0.00010465900413691998
25.0,192,RMP,baseline,0.0011569299967959523,5.4635980632156134e-05,4.12390218116343e-05,0.00044394297583494335,0.0001733149983920157,0.0
25.0,192,RMP,optimized,0.0005508839967660606,6.47599808871746e-05,2.8588008717633784e-05,0.0001246190076926723,0.00013231803313829005,0.00011568801710382104
25.0,193,RMP,baseline,0.0010059009946417063,4.727100895252079e-05,3.772700438275933e-05,0.0003874469985021278,0.00014880800154060125,0.0
25.0,193,RMP,optimized,0.0005270959954941645,5.8216959587298334e-05,3.388097684364766e-05,0.00011733399878721684,0.00012780401448253542,0.00011194699618499726
25.0,194,RMP,baseline,0.0010935979953501374,5.1346010877750814e-05,3.975298022851348e-05,0.0004185069992672652,0.0001722819870337844,0.0
25.0,194,RMP,optimized,0.0005354050081223249,4.4006010284647346e-05,2.6914014597423375e-05,0.00012087200593668967,0.00015198299661278725,0.00011073799396399409
25.0,195,RMP,baseline,0.0011282869963906705,4.923198139294982e-05,4.015197919216007e-05,0.0004637420206563547,0.00016340897127520293,0.0
25.0,195,RMP,optimized,0.0008570539939682931,6.405099702533334e-05,4.369101952761412e-05,0.00021464003657456487,0.00022633399930782616,0.00018188399553764611
25.0,196,RMP,baseline,0.001104084003600292,5.899797542952001e-05,3.807897155638784e-05,0.00042269399273209274,0.0001654060324653983,0.0
25.0,196,RMP,optimized,0.0005412490136222914,4.807602090295404e-05,2.9622038709931076e-05,0.00013567997666541487,0.00013559500803239644,0.00011448799341451377
25.0,197,RMP,baseline,0.001051125000230968,4.919301136396825e-05,3.480300074443221e-05,0.0004047119873575866,0.0001518890494480729,0.0
25.0,197,RMP,optimized,0.0008589120116084814,5.470702308230102e-05,3.818100958596915e-05,0.0002020180254476145,0.00019499295740388334,0.00023831400903873146
25.0,198,RMP,baseline,0.0010687429894460365,5.157903069630265e-05,4.0695013012737036e-05,0.0004083940148120746,0.000164414057508111,0.0
25.0,198,RMP,optimized,0.0005305390077410266,4.554097540676594e-05,5.019101081416011e-05,0.00011697105946950614,0.0001263690210180357,0.00011236299178563058
25.0,199,RMP,baseline,0.0010600459936540574,4.8211979446932673e-05,4.0776008972898126e-05,0.00042248101090081036,0.00015921898011583835,0.0
25.0,199,RMP,optimized,0.001259879005374387,7.925799582153559e-05,8.559701382182539e-05,0.00045340096403378993,0.00029377594182733446,0.00019095398602075875
25.0,200,RMP,baseline,0.001015125002595596,4.9707028665579855e-05,3.566399391274899e-05,0.00038984000275377184,0.0001523560204077512,0.0
25.0,200,RMP,optimized,0.00048651899851392955,4.364899359643459e-05,2.6681998861022294e-05,0.00011069695756305009,0.00012630004493985325,0.00010661401029210538
25.0,201,RMP,baseline,0.0027269829879514873,0.00047568598529323936,9.022900485433638e-05,0.0008355789759662002,0.00042865498107858,0.0
25.0,201,RMP,optimized,0.000534759004949592,4.5706008677370846e-05,2.9349044780246913e-05,0.00012564501957967877,0.00013437001325655729,0.00011569306661840528
25.0,202,RMP,baseline,0.0017375339957652614,8.721204358153045e-05,5.508601316250861e-05,0.0005289270338835195,0.0003669070138130337,0.0
25.0,202,RMP,optimized,0.0009525030036456883,9.480798325967044e-05,5.612600944004953e-05,0.00021099098375998437,0.0002695390285225585,0.0001823720522224903
25.0,203,RMP,baseline,0.0010348039941163734,4.8155998229049146e-05,3.386000753380358e-05,0.00038699901779182255,0.00015790798352099955,0.0
25.0,203,RMP,optimized,0.0005594819958787411,5.4348958656191826e-05,3.907702921424061e-05,0.00012296201020944864,0.00013772699458058923,0.00011853700561914593
25.0,204,RMP,baseline,0.0016823140031192452,7.81729759182781e-05,5.223398329690099e-05,0.0005843020044267178,0.00028109605773352087,0.0
25.0,204,RMP,optimized,0.0006351830088533461,4.8757996410131454e-05,3.0440001864917576e-05,0.0001504300016677007,0.00015322801482398063,0.00015591595729347318
25.0,205,RMP,baseline,0.0009290989983128384,4.476698813959956e-05,3.718302468769252e-05,0.00037093099672347307,0.0001340050221187994,0.0
25.0,205,RMP,optimized,0.0005298220057738945,4.554897896014154e-05,2.7305999537929893e-05,0.00012142596824560314,0.0001352460094494745,0.00011689502571243793
25.0,206,RMP,baseline,0.0010051190038211644,4.628098395187408e-05,4.7276029363274574e-05,0.00040975002048071474,0.0001425509835826233,0.0
25.0,206,RMP,optimized,0.0006085960048949346,6.540698814205825e-05,3.574794391170144e-05,0.00013845396460965276,0.00015793502097949386,0.00012512195098679513
25.0,207,RMP,baseline,0.0011590799986151978,5.2022020099684596e-05,3.7108969991095364e-05,0.00047291803639382124,0.00017119500262197107,0.0
25.0,207,RMP,optimized,0.0005631679960060865,4.722499579656869e-05,2.9892980819568038e-05,0.00012515000707935542,0.0001555569760967046,0.00011795897444244474
25.0,208,RMP,baseline,0.0010307839984307066,4.8417001380585134e-05,3.706800634972751e-05,0.00040920995525084436,0.00016899399633985013,0.0
25.0,208,RMP,optimized,0.0005696659936802462,4.698496195487678e-05,2.9127986636012793e-05,0.00012658296327572316,0.00016171899915207177,0.00012258102651685476
25.0,209,RMP,baseline,0.0009667539998190477,4.789397644344717e-05,3.998800821136683e-05,0.00038220101851038635,0.00014142402505967766,0.0
25.0,209,RMP,optimized,0.0005188380018807948,5.83200016990304e-05,2.7535963454283774e-05,0.0001166510337498039,0.000127451989101246,0.00011104997247457504
25.0,210,RMP,baseline,0.0009341030090581626,4.550702578853816e-05,4.490101127885282e-05,0.00037021198659203947,0.00013225502334535122,0.0
25.0,210,RMP,optimized,0.0006754269998054951,4.554698534775525e-05,8.962600259110332e-05,0.00013598595978692174,0.00015924895706120878,0.00013655000657308847
25.0,211,RMP,baseline,0.0009807200112845749,4.7228983021341264e-05,3.2812036806717515e-05,0.00037543196231126785,0.00013859198952559382,0.0
25.0,211,RMP,optimized,0.0005102760042063892,4.2562009184621274e-05,2.5818037101998925e-05,0.00011249197996221483,0.00014197095879353583,0.0001056949986377731
25.0,212,RMP,baseline,0.0009907060011755675,4.562099638860673e-05,3.19230166496709e-05,0.00040633598109707236,0.00014217602438293397,0.0
25.0,212,RMP,optimized,0.0005385890108300373,4.586597788147628e-05,2.851203316822648e-05,0.00012124000932089984,0.00014119502156972885,0.00012602799688465893
25.0,213,RMP,baseline,0.0009839479898801073,6.0552003560587764e-05,3.6286015529185534e-05,0.0003866360057145357,0.00014290702529251575,0.0
25.0,213,RMP,optimized,0.0005317640025168657,4.422401252668351e-05,2.8708003810606897e-05,0.00012973800767213106,0.000135675014462322,0.00011084201105404645
25.0,214,RMP,baseline,0.0015884869935689494,6.784198922105134e-05,4.6690969611518085e-05,0.000524234987096861,0.0002890510077122599,0.0
25.0,214,RMP,optimized,0.0006168410036480054,5.003898695576936e-05,3.526698856148869e-05,0.00015285499102901667,0.00015266300761140883,0.0001273130183108151
25.0,215,RMP,baseline,0.0009926019993145019,4.683902079705149e-05,4.142199759371579e-05,0.0004026099923066795,0.0001401379849994555,0.0
25.0,215,RMP,optimized,0.0006739119999110699,5.279702600091696e-05,3.396300598978996e-05,0.0001540429802844301,0.00018346197612117976,0.00013774102262686938
25.0,216,RMP,baseline,0.0011739170004148036,6.142498750705272e-05,3.755398211069405e-05,0.00048332799633499235,0.00017086899606510997,0.0
25.0,216,RMP,optimized,0.0005399309884523973,5.525395681615919e-05,2.653805131558329e-05,0.00011820596409961581,0.00014221998571883887,0.00012030598009005189
25.0,217,RMP,baseline,0.0010583679977571592,5.1096998504363e-05,3.801901766564697e-05,0.00040821899892762303,0.0001709400094114244,0.0
25.0,217,RMP,optimized,0.0004781609895871952,4.294600512366742e-05,2.509501064196229e-05,0.00010800398013088852,0.00012426999455783516,0.00010530803410802037
25.0,218,RMP,baseline,0.0010859400063054636,5.8959994930773973e-05,3.545098297763616e-05,0.00041061898809857666,0.00016588196740485728,0.0
25.0,218,RMP,optimized,0.0005800679937237874,5.5260054068639874e-05,2.943897561635822e-05,0.00012552000407595187,0.00014542602002620697,0.00011486200673971325
25.0,219,RMP,baseline,0.0009868630004348233,4.60640003439039e-05,3.41909471899271e-05,0.0003925839700968936,0.0001425540103809908,0.0
25.0,219,RMP,optimized,0.0004866439994657412,4.33000095654279e-05,2.6476001949049532e-05,0.0001113170146709308,0.00013044799561612308,0.0001055279717547819
25.0,220,RMP,baseline,0.0013893440045649186,6.709902663715184e-05,5.674001295119524e-05,0.0005672350234817713,0.00022772800002712756,0.0
25.0,220,RMP,optimized,0.0005654269916703925,5.765896639786661e-05,2.920901170000434e-05,0.0001249149936484173,0.000148974999319762,0.00011851899034809321
25.0,221,RMP,baseline,0.001004851990728639,4.773100954480469e-05,3.3863005228340626e-05,0.00038284297625068575,0.00015372299822047353,0.0
25.0,221,RMP,optimized,0.0005467339942697436,4.834798164665699e-05,2.909201430156827e-05,0.00012062102905474603,0.0001430950069334358,0.0001140090316766873
25.0,222,RMP,baseline,0.0010349039948778227,5.567602056544274e-05,3.3706004614941776e-05,0.00040244100091513246,0.0001578399824211374,0.0
25.0,222,RMP,optimized,0.0005544159939745441,5.342396616470069e-05,2.7617032174021006e-05,0.00013558295904658735,0.000142886012326926,0.00011064398859161884
25.0,223,RMP,baseline,0.0010971640003845096,6.576001760549843e-05,3.941998875234276e-05,0.0004208870232105255,0.00015961100871209055,0.0
25.0,223,RMP,optimized,0.000616510005784221,5.234000855125487e-05,3.1692979973740876e-05,0.00014044801355339587,0.00015666701074223965,0.0001250909990631044
25.0,224,RMP,baseline,0.000988648011116311,5.6463031796738505e-05,3.2844036468304694e-05,0.000377238990040496,0.00015154496941249818,0.0
25.0,224,RMP,optimized,0.0005031690088799223,5.1240960601717234e-05,2.6262016035616398e-05,0.00011123399599455297,0.00013270502677187324,0.00010703402222134173
25.0,225,RMP,baseline,0.0010353569959988818,4.763201286550611e-05,5.068100290372968e-05,0.00041497201891615987,0.0001480610080761835,0.0
25.0,225,RMP,optimized,0.000485281998408027,4.1753024561330676e-05,2.5043977075256407e-05,0.00011145802272949368,0.0001277789706364274,0.00010584796837065369
25.0,226,RMP,baseline,0.0011180709989275783,5.960202543064952e-05,3.750401083379984e-05,0.0004258900007698685,0.00018393596110399812,0.0
25.0,226,RMP,optimized,0.0009149179968517274,9.03140171431005e-05,5.2929026423953474e-05,0.00019354303367435932,0.0002566090552136302,0.00017995097732637078
25.0,227,RMP,baseline,0.0010449750116094947,5.1754977903328836e-05,3.4384982427582145e-05,0.00042178502189926803,0.00015281698142644018,0.0
25.0,227,RMP,optimized,0.0005098520050523803,4.6423039748333395e-05,2.771304571069777e-05,0.00011538100079633296,0.00013144800323061645,0.00010993400064762682
25.0,228,RMP,baseline,0.0018642490031197667,0.00013610902533400804,7.057099719531834e-05,0.0006167550018290058,0.0003398690023459494,0.0
25.0,228,RMP,optimized,0.0006035410042386502,7.977701898198575e-05,3.262900281697512e-05,0.00013722699077334255,0.00014500098768621683,0.00012233002053108066
25.0,229,RMP,baseline,0.0010864679934456944,5.13560080435127e-05,3.779296821448952e-05,0.00044531193270813674,0.00016290201165247709,0.0
25.0,229,RMP,optimized,0.0005767090042354539,4.410203837323934e-05,2.8839960577897727e-05,0.00012793601490557194,0.00014180399011820555,0.0001324720069533214
25.0,230,RMP,baseline,0.001126460003433749,5.3136987844482064e-05,3.656597982626408e-05,0.0004190909821772948,0.00018792600894812495,0.0
25.0,230,RMP,optimized,0.0006355549994623289,4.631404590327293e-05,3.047898644581437e-05,0.00013878299796488136,0.00014175701653584838,0.00019203998090233654
25.0,231,RMP,baseline,0.0012675640027737245,5.370797589421272e-05,5.07320073666051e-05,0.00046239902439992875,0.00018334304331801832,0.0
25.0,231,RMP,optimized,0.0005953309882897884,4.678397090174258e-05,3.0081006116233766e-05,0.0001540819794172421,0.00014746699889656156,0.0001262870355276391
25.0,232,RMP,baseline,0.0010197369992965832,6.0107005992904305e-05,3.4483004128560424e-05,0.0003920809831470251,0.00014891299360897392,0.0
25.0,232,RMP,optimized,0.000501634000102058,4.467602411750704e-05,2.7261005016043782e-05,0.00011295701551716775,0.00012808601604774594,0.00010639600805006921
25.0,233,RMP,baseline,0.001032063999446109,5.572101508732885e-05,3.4600976505316794e-05,0.0004079069767612964,0.00015844199515413493,0.0
25.0,233,RMP,optimized,0.0007011060079094023,0.0001353350089630112,3.2396012102253735e-05,0.00013260499690659344,0.0001583440025569871,0.00014924901188351214
25.0,234,RMP,baseline,0.001083282011677511,5.0144008127972484e-05,4.530002479441464e-05,0.00043692297185771167,0.00015402300050482154,0.0
25.0,234,RMP,optimized,0.0005227810033829883,4.439301847014576e-05,2.9991002520546317e-05,0.00011559398262761533,0.00013005796063225716,0.00012212198635097593
25.0,235,RMP,baseline,0.0011512349883560091,5.9807003708556294e-05,5.5202035582624376e-05,0.00043472899415064603,0.00018396801897324622,0.0
25.0,235,RMP,optimized,0.0006165529921418056,5.7685989304445684e-05,3.3909964258782566e-05,0.00013295505777932703,0.00015587301459163427,0.00012076403072569519
25.0,236,RMP,baseline,0.0011177700071129948,5.34230493940413e-05,3.8659985875710845e-05,0.0004316199920140207,0.00017528000171296299,0.0
25.0,236,RMP,optimized,0.0005310859996825457,4.644198634196073e-05,2.785999095067382e-05,0.00012373099161777645,0.00013531098375096917,0.00011358696792740375
25.0,237,RMP,baseline,0.001132752004195936,9.238196071237326e-05,3.718902007676661e-05,0.00042901598499156535,0.00018979902961291373,0.0
25.0,237,RMP,optimized,0.0006031380034983158,5.445700662676245e-05,3.269703302066773e-05,0.00013038703764323145,0.00016783301543910056,0.00013322202721610665
25.0,238,RMP,baseline,0.0010669719922589138,6.748094165232033e-05,3.912900865543634e-05,0.00041166998562403023,0.0001591030159033835,0.0
25.0,238,RMP,optimized,0.0005383730022003874,4.428198735695332e-05,2.7224014047533274e-05,0.00011871702736243606,0.00013600698730442673,0.00010867205855902284
25.0,239,RMP,baseline,0.0010046039969893172,5.647797661367804e-05,3.213697345927358e-05,0.00039479996485169977,0.00015426703612320125,0.0
25.0,239,RMP,optimized,0.0009377329988637939,6.133798160590231e-05,4.623898712452501e-05,0.00015300200902856886,0.00043449400982353836,0.0001394640130456537
25.0,240,RMP,baseline,0.001097116997698322,5.051896732766181e-05,4.8622998292557895e-05,0.0004545010160654783,0.00015811101184226573,0.0
25.0,240,RMP,optimized,0.0004941319930367172,4.2239000322297215e-05,2.5219997041858733e-05,0.00011700198228936642,0.0001242100406670943,0.00010931299766525626
25.0,241,RMP,baseline,0.00105653700302355,5.5834956583566964e-05,3.406596079003066e-05,0.0004392179980641231,0.00015258899657055736,0.0
25.0,241,RMP,optimized,0.0005008679872844368,5.1591036026366055e-05,2.595798287075013e-05,0.00011009498848579824,0.00013207602023612708,0.00010714901145547628
25.0,242,RMP,baseline,0.001109636010369286,4.973700561095029e-05,3.852800000458956e-05,0.00043500500032678246,0.0001860649645095691,0.0
25.0,242,RMP,optimized,0.0005290910048643127,4.589202580973506e-05,2.8614987968467176e-05,0.00012425801833160222,0.00013255400699563324,0.00011558400001376867
25.0,243,RMP,baseline,0.001028471000608988,4.7214984078891575e-05,3.378702967893332e-05,0.0004107730055693537,0.0001467630354454741,0.0
25.0,243,RMP,optimized,0.000494660998811014,4.199997056275606e-05,2.622003376018256e-05,0.00011495898070279509,0.00012590295227710158,0.00010739703429862857
25.0,244,RMP,baseline,0.0009750290046213195,4.774298577103764e-05,3.29980393871665e-05,0.00038041299558244646,0.0001458380138501525,0.0
25.0,244,RMP,optimized,0.0004963510000379756,4.263402661308646e-05,3.069400554522872e-05,0.00011401102528907359,0.0001258029806194827,0.0001077290071407333
25.0,245,RMP,baseline,0.001130871009081602,6.329201278276742e-05,4.255498060956597e-05,0.0004514890315476805,0.00017066203872673213,0.0
25.0,245,RMP,optimized,0.0005252020055195317,5.428804433904588e-05,2.6765017537400126e-05,0.00011576301767490804,0.00013843299529980868,0.00010767197818495333
25.0,246,RMP,baseline,0.0010084370005642995,4.793901462107897e-05,4.270700446795672e-05,0.0003985329967690632,0.00014506799925584346,0.0
25.0,246,RMP,optimized,0.00048174300172831863,4.292302764952183e-05,2.6338020688854158e-05,0.00010958200437016785,0.00012315298954490572,0.00010429602116346359
25.0,247,RMP,baseline,0.0010687480098567903,6.333697820082307e-05,3.8677986594848335e-05,0.000421684977482073,0.000160966970724985,0.0
25.0,247,RMP,optimized,0.0008337870094692335,5.872601468581706e-05,3.4127995604649186e-05,0.0003342660202179104,0.00017400103388354182,0.0001250280038220808
25.0,248,RMP,baseline,0.0009647440019762143,4.671700298786163e-05,3.2661992008797824e-05,0.000391460009268485,0.00014035800995770842,0.0
25.0,248,RMP,optimized,0.0005534929950954393,4.636603989638388e-05,2.8568014386110008e-05,0.0001230500201927498,0.0001519519864814356,0.00011925197031814605
25.0,249,RMP,baseline,0.0012974080018466339,6.33900344837457e-05,4.211503255646676e-05,0.00044153197086416185,0.00019050197442993522,0.0
25.0,249,RMP,optimized,0.0006361239938996732,5.701303598470986e-05,4.829899989999831e-05,0.000141387979965657,0.00017102903802879155,0.0001285379839828238
25.0,250,RMP,baseline,0.0015440459974342957,6.265597767196596e-05,8.42649897094816e-05,0.0006209650309756398,0.00022183300461620092,0.0
25.0,250,RMP,optimized,0.0008775559981586412,0.00012294204498175532,5.224101187195629e-05,0.0002048689784714952,0.00018676300533115864,0.00016822500037960708
25.0,251,RMP,baseline,0.0011894159979419783,6.761000258848071e-05,4.177996015641838e-05,0.00046903002657927573,0.00018094599363394082,0.0
25.0,251,RMP,optimized,0.000677467993227765,6.530901009682566e-05,3.805199230555445e-05,0.00015108600200619549,0.00019068401888944209,0.00014262604236137122
25.0,252,RMP,baseline,0.0011654560075839981,5.233596311882138e-05,3.876198024954647e-05,0.00046006403863430023,0.00017838100029621273,0.0
25.0,252,RMP,optimized,0.0005298530013533309,4.5617009163834155e-05,3.0163981136865914e-05,0.000123525969684124,0.00013291300274431705,0.00011135001841466874
25.0,253,RMP,baseline,0.0011769889970310032,8.429201261606067e-05,4.260995774529874e-05,0.0004361890023574233,0.00019606998830568045,0.0
25.0,253,RMP,optimized,0.00057508799363859,5.434297781903297e-05,2.9367045499384403e-05,0.00012470499495975673,0.00015136496222112328,0.00012653099838644266
25.0,254,RMP,baseline,0.0013778010034002364,6.055999256204814e-05,5.057199450675398e-05,0.0005246900109341368,0.0002159619762096554,0.0
25.0,254,RMP,optimized,0.0006758350064046681,5.358697671908885e-05,5.0631031626835465e-05,0.00016048895486164838,0.00017585100431460887,0.0001367899967590347
25.0,255,RMP,baseline,0.0014588210033252835,7.046098471619189e-05,4.521400842349976e-05,0.0005872199690202251,0.00022666000586468726,0.0
25.0,255,RMP,optimized,0.0007404369971482083,6.159799522720277e-05,3.898501745425165e-05,0.0001790730602806434,0.00017532902711536735,0.00015245798567775637
25.0,256,RMP,baseline,0.0012829109909944236,5.6262026191689074e-05,7.238400576170534e-05,0.0004925329849356785,0.0001825399958761409,0.0
25.0,256,RMP,optimized,0.0005691480037057772,4.971795715391636e-05,3.180099884048104e-05,0.00013349099026527256,0.0001374760176986456,0.00012350997712928802
25.0,257,RMP,baseline,0.0011810150026576594,5.7249009842053056e-05,4.196797090116888e-05,0.00046490502427332103,0.0001991419994737953,0.0
25.0,257,RMP,optimized,0.0005513030046131462,4.398297460284084e-05,3.2356998417526484e-05,0.00012389200855977833,0.00014247698709368706,0.00012823895667679608
25.0,258,RMP,baseline,0.0011608390050241724,6.086201756261289e-05,4.172899934928864e-05,0.00044634407095145434,0.000177090973011218,0.0
25.0,258,RMP,optimized,0.0006179719930514693,4.614301724359393e-05,3.131097764708102e-05,0.00014196000120136887,0.00015403101861011237,0.00014116402599029243
25.0,259,RMP,baseline,0.0013707200123462826,7.289899804163724e-05,4.695799725595862e-05,0.0005262459890218452,0.00021170501713640988,0.0
25.0,259,RMP,optimized,0.0005411000020103529,4.490003630053252e-05,4.0090992115437984e-05,0.00011547797475941479,0.00013073801528662443,0.00011199001164641231
25.0,260,RMP,baseline,0.0014059080131119117,6.272501195780933e-05,7.513900345657021e-05,0.0005226310167927295,0.0002709709806367755,0.0
25.0,260,RMP,optimized,0.0005890040047233924,4.862698551733047e-05,3.5451026633381844e-05,0.00013523298548534513,0.0001552419998915866,0.00012274399341549724
25.0,261,RMP,baseline,0.0012212779984110966,5.388003773987293e-05,5.214594420976937e-05,0.0004818030138267204,0.00018922603339888155,0.0
25.0,261,RMP,optimized,0.0006862779991934076,5.006001447327435e-05,3.360002301633358e-05,0.00016003302880562842,0.0001623120333533734,0.00014570799248758703
25.0,262,RMP,baseline,0.0011008409928763285,4.9080015742219985e-05,3.728100273292512e-05,0.00043529098911676556,0.00016717602557037026,0.0
25.0,262,RMP,optimized,0.000616582008660771,6.654803291894495e-05,3.483999171294272e-05,0.00014064597780816257,0.00015938097203616053,0.0001283589517697692
25.0,263,RMP,baseline,0.0012157720047980547,5.45390066690743e-05,4.08030318794772e-05,0.0004326130001572892,0.00019243499264121056,0.0
25.0,263,RMP,optimized,0.0005539819976547733,4.8635018174536526e-05,3.3536984119564295e-05,0.00012524201883934438,0.0001377710432279855,0.0001167650189017877
25.0,264,RMP,baseline,0.0025314680096926168,0.00014784901577513665,9.409496851731092e-05,0.0009389239858137444,0.0004049019771628082,0.0
25.0,264,RMP,optimized,0.0007992940081749111,5.442900874186307e-05,7.640103285666555e-05,0.0001837519957916811,0.0001710070064291358,0.00016858099843375385
25.0,265,RMP,baseline,0.001196751996758394,5.326299287844449e-05,6.124298670329154e-05,0.0004452219436643645,0.00020628099446184933,0.0
25.0,265,RMP,optimized,0.0006119229947216809,5.0905015086755157e-05,3.830700006801635e-05,0.00013344200851861387,0.00015650902059860528,0.00013127698912285268
25.0,266,RMP,baseline,0.0011131600040243939,5.434198828879744e-05,4.159098898526281e-05,0.0004316459962865338,0.0001525759871583432,0.0
25.0,266,RMP,optimized,0.0007388070080196485,5.580698780249804e-05,4.182402335572988e-05,0.00018514897965360433,0.00018232896400149912,0.0001678010303294286
25.0,267,RMP,baseline,0.0013735289976466447,6.1017024563625455e-05,5.476200021803379e-05,0.0005241059989202768,0.00023402099031955004,0.0
25.0,267,RMP,optimized,0.0006952169933356345,5.545499152503908e-05,3.6878001992590725e-05,0.00016628598677925766,0.00018510800146032125,0.0001557699724799022
25.0,268,RMP,baseline,0.0012087610084563494,5.279302422422916e-05,4.4342028559185565e-05,0.00048023497220128775,0.00017754601140040904,0.0
25.0,268,RMP,optimized,0.0006196720059961081,5.1068011089228094e-05,3.56929813278839e-05,0.00015233202429953963,0.00015148402599152178,0.00013981599477119744
25.0,269,RMP,baseline,0.0011460649984655902,5.558201519306749e-05,4.0238010114990175e-05,0.0004487069818424061,0.00017208298959303647,0.0
25.0,269,RMP,optimized,0.0006632480071857572,4.6971021220088005e-05,5.355400207918137e-05,0.00014668905350845307,0.0001612370106158778,0.0001474839955335483
25.0,270,RMP,baseline,0.001250166998943314,6.133400893304497e-05,6.950100942049176e-05,0.000502626018715091,0.00019063999934587628,0.0
25.0,270,RMP,optimized,0.0006953910051379353,5.229702219367027e-05,3.56309610651806e-05,0.0001627320161787793,0.00019742899166885763,0.00014455796917900443
25.0,271,RMP,baseline,0.0012350330071058124,6.328300514724106e-05,4.4705026084557176e-05,0.0004562329995678738,0.00018435402307659388,0.0
25.0,271,RMP,optimized,0.0006105590000515804,5.787902045994997e-05,3.18100064760074e-05,0.00013945897808298469,0.00015449499187525362,0.0001318959693890065
25.0,272,RMP,baseline,0.0012714569893432781,7.089100836310536e-05,5.627998325508088e-05,0.0004886820534011349,0.00021443801233544946,0.0
25.0,272,RMP,optimized,0.0006016460101818666,5.1313021685928106e-05,3.269800799898803e-05,0.0001417589810444042,0.0001634959626244381,0.00012931898527313024
25.0,273,RMP,baseline,0.0017089589964598417,6.711803143844008e-05,5.797792982775718e-05,0.0007048669940559193,0.00023556505038868636,0.0
25.0,273,RMP,optimized,0.0006830279889982194,5.536801472771913e-05,4.209700273349881e-05,0.00016920402413234115,0.00017697899602353573,0.0001447400136385113
25.0,274,RMP,baseline,0.0013009040121687576,7.282200385816395e-05,4.407603410072625e-05,0.000492226958158426,0.0002072509960271418,0.0
25.0,274,RMP,optimized,0.0010522290103835985,7.658300455659628e-05,9.202999353874475e-05,0.00020885298727080226,0.00024999996821861714,0.0002566699986346066
25.0,275,RMP,baseline,0.0011759480112232268,4.9636015319265425e-05,5.1696988521143794e-05,0.0004456680180737749,0.00017713599663693458,0.0
25.0,275,RMP,optimized,0.0007274580129887909,5.2467992645688355e-05,3.885301703121513e-05,0.00018827299936674535,0.000185534983756952,0.0001439599582226947
25.0,276,RMP,baseline,0.0012802290002582595,6.946100620552897e-05,6.954900163691491e-05,0.0005038889939896762,0.00020464500994421542,0.0
25.0,276,RMP,optimized,0.0007340489974012598,6.86410057824105e-05,4.3248990550637245e-05,0.00017229704826604575,0.0001981169916689396,0.00015107101353351027
25.0,277,RMP,baseline,0.0012252349988557398,5.1881972467526793e-05,3.9264006773009896e-05,0.0004896659665973857,0.00019522299407981336,0.0
25.0,277,RMP,optimized,0.0005689210083801299,4.5217995648272336e-05,2.8452981496229768e-05,0.00013962700904812664,0.00014517702220473439,0.00012353800411801785
25.0,278,RMP,baseline,0.0010372219985583797,5.934700311627239e-05,3.4190015867352486e-05,0.0003841809812001884,0.0001840750192059204,0.0
25.0,278,RMP,optimized,0.0005760430067311972,5.812699964735657e-05,3.1122006475925446e-05,0.0001329350343439728,0.0001538619981147349,0.0001155370264314115
25.0,279,RMP,baseline,0.0018119529995601624,8.579099085181952e-05,6.145305815152824e-05,0.0006867750053061172,0.00038290802331175655,0.0
25.0,279,RMP,optimized,0.0008955980010796338,5.185800546314567e-05,3.785800072364509e-05,0.0003692839964060113,0.00017718198068905622,0.00013324101746547967
25.0,280,RMP,baseline,0.0011159260029671714,6.07650144957006e-05,4.548301512841135e-05,0.00043671796447597444,0.0001704749884083867,0.0
25.0,280,RMP,optimized,0.0006017409905325621,5.904003046452999e-05,3.0199997127056122e-05,0.00012955501733813435,0.0001540340163046494,0.00012452498776838183
25.0,281,RMP,baseline,0.0013094409951008856,6.294999911915511e-05,5.0718983402475715e-05,0.00048693400458432734,0.00023103301646187901,0.0
25.0,281,RMP,optimized,0.0006496200076071545,5.084900476504117e-05,3.6600016755983233e-05,0.00015437797992490232,0.0001710749784251675,0.00014283799100667238
25.0,282,RMP,baseline,0.0014626079937443137,0.00019229203462600708,5.990602949168533e-05,0.0005222740001045167,0.00020588000188581645,0.0
25.0,282,RMP,optimized,0.0007539060025010258,6.662400846835226e-05,3.941002069041133e-05,0.00017428200226277113,0.0001826679945224896,0.00017009202565532178
25.0,283,RMP,baseline,0.0011651400127448142,5.513401993084699e-05,3.8999016396701336e-05,0.0004474140441743657,0.00019225098367314786,0.0
25.0,283,RMP,optimized,0.0007751840021228418,6.660301005467772e-05,4.490297578740865e-05,0.0001843250065576285,0.0002034630160778761,0.00016342400340363383
25.0,284,RMP,baseline,0.001262666002730839,6.544998905155808e-05,4.440301563590765e-05,0.0004713130329037085,0.0002230700192740187,0.0
25.0,284,RMP,optimized,0.0006308349984465167,5.773297743871808e-05,3.6299010389484465e-05,0.00014342303620651364,0.00016932201106101274,0.00012469499779399484
25.0,285,RMP,baseline,0.001130755990743637,5.06050419062376e-05,4.0878920117393136e-05,0.00044855002488475293,0.00016876196605153382,0.0
25.0,285,RMP,optimized,0.0006991980044404045,5.183902976568788e-05,4.316899867262691e-05,0.00016734201926738024,0.00018066304619424045,0.00016564397083129734
25.0,286,RMP,baseline,0.0011792800069088116,5.4738004109822214e-05,4.2118015699088573e-05,0.000448502047220245,0.00020994996884837747,0.0
25.0,286,RMP,optimized,0.0005795600009150803,4.5096996473148465e-05,3.093504346907139e-05,0.00014342799840960652,0.00014792098954785615,0.000127000967040658
25.0,287,RMP,baseline,0.0018521839956520125,7.783794717397541e-05,5.9398997109383345e-05,0.000587568007176742,0.0002759480266831815,0.0
25.0,287,RMP,optimized,0.0006395300006261095,6.312802725005895e-05,3.278498479630798e-05,0.00015254794561769813,0.00016770197544246912,0.00013287302863318473
25.0,288,RMP,baseline,0.001135023994720541,5.3715979447588325e-05,4.072001320309937e-05,0.00043157699110452086,0.000184562974027358,0.0
25.0,288,RMP,optimized,0.0009681480005383492,7.298002310562879e-05,4.6483008190989494e-05,0.0001978189975488931,0.00020854703325312585,0.00031274897628463805
25.0,289,RMP,baseline,0.0010917050094576553,5.420998786576092e-05,3.571098204702139e-05,0.0004154750204179436,0.00017758499598130584,0.0
25.0,289,RMP,optimized,0.0004955030017299578,5.3059018682688475e-05,2.7115020202472806e-05,0.00011122602154500782,0.0001297550043091178,0.00010359295993112028
25.0,290,RMP,baseline,0.0017741769988788292,8.103199070319533e-05,6.15439930697903e-05,0.0006963589985389262,0.00025821500457823277,0.0
25.0,290,RMP,optimized,0.0007347409991780296,6.522503099404275e-05,3.931601531803608e-05,0.0001755779521772638,0.00019112501468043774,0.00015420903218910098
25.0,291,RMP,baseline,0.0014213039976311848,7.32800253899768e-05,5.9263024013489485e-05,0.0005179489962756634,0.00023514399072155356,0.0
25.0,291,RMP,optimized,0.0005592219968093559,5.045895522926003e-05,2.7644011424854398e-05,0.00012963898188900203,0.0001452670112485066,0.00012884201714769006
25.0,292,RMP,baseline,0.00104499000008218,4.938006168231368e-05,3.6841025575995445e-05,0.00041845500527415425,0.00015882401203271002,0.0
25.0,292,RMP,optimized,0.0006049559888197109,4.325600457377732e-05,2.944102743640542e-05,0.00013151999155525118,0.00014499900862574577,0.00016263301949948072
25.0,293,RMP,baseline,0.0011079419928137213,6.195702007971704e-05,3.5890014260075986e-05,0.00042020097316708416,0.00017718096205499023,0.0
25.0,293,RMP,optimized,0.0005612410022877157,5.506699380930513e-05,2.870601019822061e-05,0.00012497897841967642,0.00015781600086484104,0.0001135230268118903
25.0,294,RMP,baseline,0.0009948210063157603,4.706000618170947e-05,3.661993832793087e-05,0.0003805599990300834,0.00016169901937246323,0.0
25.0,294,RMP,optimized,0.000549509990378283,4.592897312249988e-05,2.8290014597587287e-05,0.00011744802759494632,0.00013814200065098703,0.0001131160679506138
25.0,295,RMP,baseline,0.001327926991507411,8.436200732830912e-05,4.413702117744833e-05,0.0005203000036999583,0.0002313249569851905,0.0
25.0,295,RMP,optimized,0.000784711999585852,0.0001055730099324137,4.096297197975218e-05,0.00016856595175340772,0.00020406801195349544,0.00015656200412195176
25.0,296,RMP,baseline,0.0010460960038471967,4.806403012480587e-05,3.404998278710991e-05,0.00039873899368103594,0.00017453198961447924,0.0
25.0,296,RMP,optimized,0.0010324430040782318,0.00011346797691658139,6.261099770199507e-05,0.00020644901087507606,0.000297988997772336,0.0001959180081030354
25.0,297,RMP,baseline,0.0011489489988889545,6.509199738502502e-05,4.3106963858008385e-05,0.00042956697870977223,0.000201459028176032,0.0
25.0,297,RMP,optimized,0.0006271489983191714,6.0664984630420804e-05,3.418095002416521e-05,0.00013690297782886773,0.00018306401034351438,0.00012803598656319082
25.0,298,RMP,baseline,0.0015623320068698376,6.848502380307764e-05,5.919802060816437e-05,0.0005604489706456661,0.00025446894869673997,0.0
25.0,298,RMP,optimized,0.0007007569947745651,5.4629985243082047e-05,4.407398228067905e-05,0.00016021696501411498,0.0001824909559218213,0.00013663200661540031
25.0,299,RMP,baseline,0.001167905007605441,0.00010887198732234538,4.1826016968116164e-05,0.0004378879675641656,0.00018271301814820617,0.0
25.0,299,RMP,optimized,0.0006093750125728548,5.798799975309521e-05,3.553197893779725e-05,0.00013350395602174103,0.00015954002446960658,0.00013732598745264113
30.0,0,RMP,baseline,0.0009517459984635934,4.43000317318365e-05,4.951802839059383e-05,0.00037119101034477353,0.0001368399680359289,0.0
30.0,0,RMP,optimized,0.0006044449983164668,5.0754009862430394e-05,3.5550008760765195e-05,0.00014703396300319582,0.00015354203060269356,0.00013313697127159685
30.0,1,RMP,baseline,0.0009850689966697246,5.935001536272466e-05,3.647601988632232e-05,0.0003806699678534642,0.00014918202941771597,0.0
30.0,1,RMP,optimized,0.0005884179990971461,4.296602855902165e-05,3.021801239810884e-05,0.00014648701471742243,0.00016571200103498995,0.00012101996981073171
30.0,2,RMP,baseline,0.0010137030039913952,4.680700658354908e-05,3.433399251662195e-05,0.00039273999573197216,0.00015463103773072362,0.0
30.0,2,RMP,optimized,0.0005817519995616749,4.596098733600229e-05,3.339500108268112e-05,0.00013233897334430367,0.0001438540348317474,0.0001176339719677344
30.0,3,RMP,baseline,0.0011159929999848828,5.204498302191496e-05,3.7330013583414257e-05,0.0004502419615164399,0.00016970299475360662,0.0
30.0,3,RMP,optimized,0.000755205997847952,5.6482982472516596e-05,4.070799332112074e-05,0.0001577289804117754,0.000211934995604679,0.00017212299280799925
30.0,4,RMP,baseline,0.0009975849970942363,4.660902777686715e-05,3.383801958989352e-05,0.0003859779972117394,0.00014329997065942734,0.0
30.0,4,RMP,optimized,0.0005382929957704619,4.6523986384272575e-05,3.003203892149031e-05,0.00012230101856403053,0.0001304079924011603,0.00012963103654328734
30.0,5,RMP,baseline,0.001669329998549074,7.63580173952505e-05,6.965201464481652e-05,0.0006540009926538914,0.00024199101608246565,0.0
30.0,5,RMP,optimized,0.00086765899322927,6.248601130209863e-05,4.624096618499607e-05,0.00020285398932173848,0.000254177997703664,0.000175278983078897
30.0,6,RMP,baseline,0.0009609789995010942,5.006101855542511e-05,3.632300649769604e-05,0.00037186394911259413,0.0001373429986415431,0.0
30.0,6,RMP,optimized,0.0008552400104235858,6.492900138255209e-05,3.995797305833548e-05,0.0001802660117391497,0.0003077069850405678,0.00015220801287796348
30.0,7,RMP,baseline,0.0010869760008063167,4.9291003961116076e-05,3.71440255548805e-05,0.00042008099262602627,0.00016059896734077483,0.0
30.0,7,RMP,optimized,0.0005908710008952767,5.247497756499797e-05,3.380503039807081e-05,0.0001454010052839294,0.00014804796956013888,0.00012831998174078763
30.0,8,RMP,baseline,0.0009994220017688349,4.5700944610871375e-05,3.223995736334473e-05,0.00040767401515040547,0.00014351402933243662,0.0
30.0,8,RMP,optimized,0.0007373190019279718,8.776602044235915e-05,3.6771001759916544e-05,0.0001770870148902759,0.00016746397886890918,0.00015661399811506271
30.0,9,RMP,baseline,0.001005772006465122,6.26230175839737e-05,3.701000241562724e-05,0.00039770799048710614,0.00015036498371046036,0.0
30.0,9,RMP,optimized,0.0004761769960168749,4.13530069636181e-05,2.5596993509680033e-05,0.00011025804269593209,0.00011888798326253891,0.0001074549654731527
30.0,10,RMP,baseline,0.0015818139945622534,7.79919937485829e-05,7.639497925993055e-05,0.0005975259991828352,0.0002636589633766562,0.0
30.0,10,RMP,optimized,0.0006301340035861358,4.852397250942886e-05,4.656598321162164e-05,0.0001504149695392698,0.00015698003699071705,0.00013180500536691397
30.0,11,RMP,baseline,0.0011630980006884784,6.59259530948475e-05,4.519899084698409e-05,0.00043967798410449177,0.00018111297686118633,0.0
30.0,11,RMP,optimized,0.0005410299927461892,4.830896796192974e-05,2.8968002879992127e-05,0.00012028402124997228,0.00013073600712232292,0.00012699200306087732
30.0,12,RMP,baseline,0.001074964995495975,5.2544972277246416e-05,3.735198697540909e-05,0.0004035009624203667,0.00018155698489863425,0.0
30.0,12,RMP,optimized,0.0006020400032866746,4.7222012653946877e-05,3.0256982427090406e-05,0.0001617809757590294,0.00014887696306686848,0.00012452300870791078
30.0,13,RMP,baseline,0.001059143993188627,5.6572986068204045e-05,4.137400537729263e-05,0.0004211089835735038,0.00015808100579306483,0.0
30.0,13,RMP,optimized,0.0005273169954307377,4.561302193906158e-05,2.7350979507900774e-05,0.00012243801029399037,0.00013952303561381996,0.00011269298556726426
30.0,14,RMP,baseline,0.001280063996091485,5.0484028179198503e-05,3.591200220398605e-05,0.0004029860283480957,0.0001554569898871705,0.0
30.0,14,RMP,optimized,0.0006030429940437898,5.309797415975481e-05,3.564002690836787e-05,0.00013534000026993454,0.0001582829572726041,0.00012055502156727016
30.0,15,RMP,baseline,0.0013031340058660135,5.261800833977759e-05,4.342003376223147e-05,0.0004820970061700791,0.00024493999080732465,0.0
30.0,15,RMP,optimized,0.0005815280019305646,4.817501758225262e-05,3.037499845959246e-05,0.00013428695092443377,0.00014356602332554758,0.0001354080013697967
30.0,16,RMP,baseline,0.001109215008909814,4.9474023398943245e-05,3.812700742855668e-05,0.0004287220072001219,0.0001773269905243069,0.0
30.0,16,RMP,optimized,0.0005416290077846497,4.629803879652172e-05,3.032200038433075e-05,0.0001233200018759817,0.0001444559748051688,0.00011663400800898671
30.0,17,RMP,baseline,0.0010570640006335452,5.226301436778158e-05,3.660297079477459e-05,0.0004113009636057541,0.0001552640023874119,0.0
30.0,17,RMP,optimized,0.0008527690079063177,6.116702570579946e-05,5.5800002883188426e-05,0.00023819202033337206,0.00023526197765022516,0.000156247042468749
30.0,18,RMP,baseline,0.0010142380051547661,4.705802712123841e-05,3.744498826563358e-05,0.00040605399408377707,0.00016080998466350138,0.0
30.0,18,RMP,optimized,0.0006303820118773729,4.694797098636627e-05,3.2085052225738764e-05,0.00014644300972577184,0.0001678990520304069,0.0001412899437127635
30.0,19,RMP,baseline,0.0011205490009160712,5.508100730367005e-05,3.627697878982872e-05,0.000493931001983583,0.00015408000035677105,0.0
30.0,19,RMP,optimized,0.0006353130011120811,5.241500912234187e-05,3.381002170499414e-05,0.00014461399405263364,0.0001760859740898013,0.00012565702490974218
30.0,20,RMP,baseline,0.0010237300011795014,5.044402496423572e-05,6.471402593888342e-05,0.0004080070066265762,0.0001409360411344096,0.0
30.0,20,RMP,optimized,0.0005081819981569424,4.2445986764505506e-05,2.746105019468814e-05,0.0001181200350401923,0.0001298919814871624,0.00011062501289416105
30.0,21,RMP,baseline,0.0010326629999326542,4.865298978984356e-05,4.654898657463491e-05,0.00041849000263027847,0.00015185003576334566,0.0
30.0,21,RMP,optimized,0.00046073900011833757,4.0807019104249775e-05,2.556503750383854e-05,0.00010751801892183721,0.00011708600504789501,0.00010004002251662314
30.0,22,RMP,baseline,0.0011389599967515096,5.260501347947866e-05,4.540702502708882e-05,0.0004732090310426429,0.00016803204198367894,0.0
30.0,22,RMP,optimized,0.000658567005302757,4.6896020649001e-05,3.4522017813287675e-05,0.00013686902821063995,0.00014364899834617972,0.0001979140070034191
30.0,23,RMP,baseline,0.0010952610027743503,5.409402365330607e-05,3.6240991903468966e-05,0.00043436897976789623,0.00016339297872036695,0.0
30.0,23,RMP,optimized,0.0006380589911714196,5.058803071733564e-05,3.613396256696433e-05,0.00014953201753087342,0.00017302001651842147,0.00013544497778639197
30.0,24,RMP,baseline,0.0011109530023531988,6.460602162405849e-05,3.834496601484716e-05,0.0004281620349502191,0.00019272098143119365,0.0
30.0,24,RMP,optimized,0.0005486489972099662,4.203098069410771e-05,3.859997377730906e-05,0.00012215800234116614,0.00014361602370627224,0.00011287600500509143
30.0,25,RMP,baseline,0.0013794859987683594,6.396298704203218e-05,5.08969824295491e-05,0.0005269150133244693,0.00021329603623598814,0.0
30.0,25,RMP,optimized,0.000863738008774817,5.9403988416306674e-05,4.0466024074703455e-05,0.00020063899864908308,0.0001964650145964697,0.00013500795466825366
30.0,26,RMP,baseline,0.001739478000672534,8.790002902969718e-05,6.348195893224329e-05,0.0006560460169566795,0.0002548019983805716,0.0
30.0,26,RMP,optimized,0.0005991090001771227,4.6324043069034815e-05,3.241405647713691e-05,0.00014258096052799374,0.00014392404409591109,0.0001360969472443685
30.0,27,RMP,baseline,0.001108816999476403,4.9219001084566116e-05,4.31650405516848e-05,0.00042289697739761323,0.000174012006027624,0.0
30.0,27,RMP,optimized,0.0006385750020854175,4.9038033466786146e-05,3.399401612114161e-05,0.0001282310113310814,0.00020394602324813604,0.00012539395538624376
30.0,28,RMP,baseline,0.0012475639960030094,5.972701183054596e-05,5.84530207561329e-05,0.00046208400453906506,0.00020551201305352151,0.0
30.0,28,RMP,optimized,0.0007238840044010431,6.245799886528403e-05,4.045797686558217e-05,0.00019906600937247276,0.0001811450201785192,0.00014565198216587305
30.0,29,RMP,baseline,0.0010887519893003628,4.891502612736076e-05,3.81370191462338e-05,0.00041036203037947416,0.0001874470035545528,0.0
30.0,29,RMP,optimized,0.0005550549976760522,4.5837994548492134e-05,3.478099824860692e-05,0.00012976797006558627,0.00014504202408716083,0.0001151799806393683
30.0,30,RMP,baseline,0.0010502340010134503,9.084901830647141e-05,5.235802382230759e-05,0.0003784139844356105,0.00015117996372282505,0.0
30.0,30,RMP,optimized,0.0005245649954304099,4.1041974327526987e-05,2.7379996026866138e-05,0.00012230897846166044,0.00013921604841016233,0.00010659097461029887
30.0,31,RMP,baseline,0.0014589009952032939,5.8599034673534334e-05,4.93889965582639e-05,0.00048571299703326076,0.0003870740038109943,0.0
30.0,31,RMP,optimized,0.0006079900049371645,5.39190077688545e-05,3.172901051584631e-05,0.00015418499242514372,0.00014238095900509506,0.00013202599075157195
30.0,32,RMP,baseline,0.001013909000903368,5.111499922350049e-05,3.8107988075353205e-05,0.00039420503890141845,0.0001489819842390716,0.0
30.0,32,RMP,optimized,0.0005219830054556951,4.160100070293993e-05,2.6379027985967696e-05,0.00011933999485336244,0.00012896399130113423,0.00013267100439406931
30.0,33,RMP,baseline,0.0011671440006466582,5.007097206544131e-05,3.8570971810258925e-05,0.00045251601841300726,0.00019187800353392959,0.0
30.0,33,RMP,optimized,0.00045632998808287084,3.981500049121678e-05,2.4773005861788988e-05,0.00010744201426859945,0.00011634000111371279,9.949103696271777e-05
30.0,34,RMP,baseline,0.001088764998712577,5.901796976104379e-05,3.807799657806754e-05,0.00042242104245815426,0.00017333000141661614,0.0
30.0,34,RMP,optimized,0.0008714119903743267,6.162901991046965e-05,0.00010616201325319707,0.00018192197603639215,0.00019620398234110326,0.0001984960399568081
30.0,35,RMP,baseline,0.0011502269917400554,5.505597800947726e-05,3.984000068157911e-05,0.0004438850446604192,0.00018042002920992672,0.0
30.0,35,RMP,optimized,0.0005582199955824763,4.819703462999314e-05,3.224700049031526e-05,0.00012234695896040648,0.0001487890403950587,0.00011576800898183137
30.0,36,RMP,baseline,0.0010393560078227893,6.223400123417377e-05,3.642897354438901e-05,0.00040704298589844257,0.00015274503675755113,0.0
30.0,36,RMP,optimized,0.0006427490006899461,4.3674022890627384e-05,2.8778958949260414e-05,0.0002150109939975664,0.00014826298865955323,0.00011206501221749932
30.0,37,RMP,baseline,0.0010071739961858839,4.600801912602037e-05,3.357800596859306e-05,0.0004018989857286215,0.0001521890371805057,0.0
30.0,37,RMP,optimized,0.0010639140091370791,5.9052035794593394e-05,3.609494888223708e-05,0.00016637997759971768,0.00018837601237464696,0.0004939339414704591
30.0,38,RMP,baseline,0.001135825994424522,5.527301982510835e-05,3.944800118915737e-05,0.00043763000576291233,0.00018526497296988964,0.0
30.0,38,RMP,optimized,0.0005662610055878758,4.6890025259926915e-05,3.346599987708032e-05,0.00014018396905157715,0.00014347299293149263,0.00011662198812700808
30.0,39,RMP,baseline,0.0009692230087239295,4.752798122353852e-05,3.296497743576765e-05,0.0003797320241574198,0.00014769798144698143,0.0
30.0,39,RMP,optimized,0.0007003860082477331,8.62239976413548e-05,5.6221018894575536e-05,0.00014887300494592637,0.0001692229852778837,0.00013754500832874328
30.0,40,RMP,baseline,0.0012791859917342663,5.320402851793915e-05,4.752000677399337e-05,0.0005422839894890785,0.00016843898629304022,0.0
30.0,40,RMP,optimized,0.0006387780013028532,5.998702545184642e-05,3.197600017301738e-05,0.00015811600314918905,0.0001613890053704381,0.00013368300278671086
30.0,41,RMP,baseline,0.0010774559923447669,5.288601096253842e-05,3.6294019082561135e-05,0.00040189600258599967,0.0001667189790168777,0.0
30.0,41,RMP,optimized,0.0005162439920241013,4.355498822405934e-05,3.0118986614979804e-05,0.0001178250095108524,0.00012971703836228698,0.00010871798440348357
30.0,42,RMP,baseline,0.0011976399982813746,6.016701809130609e-05,4.024502413813025e-05,0.0004363790212664753,0.00019817601423710585,0.0
30.0,42,RMP,optimized,0.000615054988884367,4.5594017137773335e-05,3.142801870126277e-05,0.00015424800221808255,0.00016824205522425473,0.00012131001858506352
30.0,43,RMP,baseline,0.001202460000058636,5.453899211715907e-05,4.047898983117193e-05,0.00042121298611164093,0.0001839030155679211,0.0
30.0,43,RMP,optimized,0.0007342720055021346,6.306098657660186e-05,5.626803613267839e-05,0.00017319801554549485,0.00018200201157014817,0.00014703300257679075
30.0,44,RMP,baseline,0.0012388430041028187,5.244895874056965e-05,4.426002851687372e-05,0.0005207710055401549,0.00018756600911729038,0.0
30.0,44,RMP,optimized,0.0006027189956512302,5.325098754838109e-05,4.831404658034444e-05,0.00013628201850224286,0.00014576601097360253,0.00013347703497856855
30.0,45,RMP,baseline,0.0013813619880238548,5.8950987295247614e-05,8.670100942254066e-05,0.0005080529663246125,0.00022387901844922453,0.0
30.0,45,RMP,optimized,0.0006375829980242997,4.7653025831095874e-05,4.58009890280664e-05,0.0001601209951331839,0.0001560330274514854,0.0001302529708482325
30.0,46,RMP,baseline,0.001212148999911733,5.842698737978935e-05,5.047800368629396e-05,0.0004773210093844682,0.00018049396749120206,0.0
30.0,46,RMP,optimized,0.0006303480040514842,5.043401324655861e-05,3.558996831998229e-05,0.00015525598428212106,0.00016463595966342837,0.00013060998753644526
30.0,47,RMP,baseline,0.0013002519990550354,5.480203253682703e-05,4.283398448023945e-05,0.0004989370063412935,0.0001986760034924373,0.0
30.0,47,RMP,optimized,0.0005342069925973192,4.7299006837420166e-05,2.9741990147158504e-05,0.00012825899466406554,0.00013581098755821586,0.00011752599675673991
30.0,48,RMP,baseline,0.0010560689988778904,5.311504355631769e-05,4.052495933137834e-05,0.0004055929894093424,0.0001653149665798992,0.0
30.0,48,RMP,optimized,0.0005027550068916753,3.978199674747884e-05,2.653599949553609e-05,0.0001191880292026326,0.000131939013954252,0.00010955202742479742
30.0,49,RMP,baseline,0.0013617999939015135,7.999101944733411e-05,5.0399015890434384e-05,0.0004941899969708174,0.00023578701075166464,0.0
30.0,49,RMP,optimized,0.000635245000012219,4.97159780934453e-05,3.289101005066186e-05,0.00014525101869367063,0.00017123899306170642,0.00012415001401677728
30.0,50,RMP,baseline,0.0015421959978993982,5.654800042975694e-05,5.696101288776845e-05,0.0005012680048821494,0.00021531898528337479,0.0
30.0,50,RMP,optimized,0.0006389140035025775,4.77750290883705e-05,3.4678028896450996e-05,0.00014391001604963094,0.0001621750125195831,0.00014996800746303052
30.0,51,RMP,baseline,0.0010309030039934441,5.311903078109026e-05,3.5451026633381844e-05,0.0004100310034118593,0.00014550301420968026,0.0
30.0,51,RMP,optimized,0.0005708819953724742,4.589604213833809e-05,3.556998854037374e-05,0.00013176302309148014,0.00014223801554180682,0.00012632901780307293
30.0,52,RMP,baseline,0.001500047990703024,6.799395487178117e-05,5.4028001613914967e-05,0.000532831036252901,0.00023195399262476712,0.0
30.0,52,RMP,optimized,0.0006742429977748543,5.189499643165618e-05,3.8887999835424125e-05,0.00016328298079315573,0.0001867090177256614,0.00013345101615414023
30.0,53,RMP,baseline,0.0010411149996798486,4.826101940125227e-05,4.058904596604407e-05,0.00041637099639046937,0.00014778703916817904,0.0
30.0,53,RMP,optimized,0.0006745980062987655,4.827100201509893e-05,3.6012002965435386e-05,0.00015846597671043128,0.0001713269593892619,0.0001356759894406423
30.0,54,RMP,baseline,0.0010860159964067861,4.5800028601661325e-05,3.581102646421641e-05,0.00043362900032661855,0.0001599629904376343,0.0
30.0,54,RMP,optimized,0.0006014169921400025,4.3378007831051946e-05,3.0046998290345073e-05,0.0001429279800504446,0.0001583230186952278,0.0001183580607175827
30.0,55,RMP,baseline,0.0012779680109815672,8.305700612254441e-05,4.74429689347744e-05,0.0004852540441788733,0.00018913800886366516,0.0
30.0,55,RMP,optimized,0.0006362489948514849,5.8877994888462126e-05,3.605600795708597e-05,0.00014861096860840917,0.00015693505702074617,0.00014391499280463904
30.0,56,RMP,baseline,0.0012412030046107247,4.855703446082771e-05,6.52139715384692e-05,0.00046220500371418893,0.00018969298980664462,0.0
30.0,56,RMP,optimized,0.0005974439991405234,4.662097489926964e-05,3.671900776680559e-05,0.00014293999993242323,0.0001554560149088502,0.00012273098400328308
30.0,57,RMP,baseline,0.0012318340013734996,5.962097202427685e-05,4.616203659679741e-05,0.00046783703146502376,0.00019112398149445653,0.0
30.0,57,RMP,optimized,0.0005719570035580546,5.077999958302826e-05,3.159200423397124e-05,0.00012882093142252415,0.0001517049822723493,0.00012187797983642668
30.0,58,RMP,baseline,0.0011352900037309155,5.491598858498037e-05,3.5828023101203144e-05,0.0004454209847608581,0.00017644499894231558,0.0
30.0,58,RMP,optimized,0.000601899009780027,4.693203663919121e-05,3.08479939121753e-05,0.00013001798652112484,0.00015565099602099508,0.00012675301695708185
30.0,59,RMP,baseline,0.0011265009961789474,6.889599899295717e-05,3.947997174691409e-05,0.0003987530362792313,0.0001775359851308167,0.0
30.0,59,RMP,optimized,0.0005270619876682758,4.2051004129461944e-05,3.4598997444845736e-05,0.00011794803140219301,0.00013522099470719695,0.00011150899808853865
30.0,60,RMP,baseline,0.0011885519925272092,5.195300036575645e-05,5.5454016546718776e-05,0.00045697200403083116,0.0001795330026652664,0.0
30.0,60,RMP,optimized,0.0005601390002993867,4.415797593537718e-05,3.0727009288966656e-05,0.00014185000327415764,0.0001428260002285242,0.00012072798563167453
30.0,61,RMP,baseline,0.0013648879976244643,5.4719013860449195e-05,4.723596794065088e-05,0.0004843779606744647,0.00020124102593399584,0.0
30.0,61,RMP,optimized,0.0009345299913547933,7.616300717927516e-05,4.9182039219886065e-05,0.00020379500347189605,0.0002598819846753031,0.0001887110120151192
30.0,62,RMP,baseline,0.0010939260100713,5.171503289602697e-05,3.7775986129418015e-05,0.0004385569482110441,0.00017112004570662975,0.0
30.0,62,RMP,optimized,0.0004981410020263866,4.0037004509940743e-05,2.662000770214945e-05,0.0001139220257755369,0.0001327859645243734,0.00011456698121037334
30.0,63,RMP,baseline,0.001207346998853609,5.567300831899047e-05,4.2086991015821695e-05,0.0004638929822249338,0.00019833903934340924,0.0
30.0,63,RMP,optimized,0.0007347339997068048,5.69960247958079e-05,3.401497087907046e-05,0.00018645003729034215,0.00019421597244217992,0.00014430403825826943
30.0,64,RMP,baseline,0.0012287459976505488,5.5020005675032735e-05,4.176601942162961e-05,0.00048776100447867066,0.00017708197992760688,0.0
30.0,64,RMP,optimized,0.000534417005837895,4.541300586424768e-05,2.9115064535290003e-05,0.00012115899880882353,0.0001380349713144824,0.00011337600881233811
30.0,65,RMP,baseline,0.0013494369923137128,5.6200005928985775e-05,4.264595918357372e-05,0.0005253749841358513,0.00020218193822074682,0.0
30.0,65,RMP,optimized,0.0006890850054332986,6.522299372591078e-05,3.4262004191987216e-05,0.00017941299302037805,0.0001794080453692004,0.0001334340195171535
30.0,66,RMP,baseline,0.0011537319951457903,6.56539632473141e-05,5.7406985433772206e-05,0.0004690229834523052,0.00015963900659698993,0.0
30.0,66,RMP,optimized,0.0005109730118419975,4.092497692909092e-05,3.7667021388188004e-05,0.00011817405174952,0.0001258710108231753,0.00011014701158273965
30.0,67,RMP,baseline,0.0013545979891205207,5.2129034884274006e-05,4.107899439986795e-05,0.0005796150217065588,0.00019424596393946558,0.0
30.0,67,RMP,optimized,0.0005540159909287468,4.56230336567387e-05,3.00409592455253e-05,0.00012504501501098275,0.00014240099699236453,0.0001274219830520451
30.0,68,RMP,baseline,0.0010410090035293251,5.8744000853039324e-05,3.58210236299783e-05,0.0003835429815808311,0.00017249902884941548,0.0
30.0,68,RMP,optimized,0.0005721119960071519,4.53130342066288e-05,3.378502151463181e-05,0.00012570302351377904,0.00013902297359891236,0.00013187398144509643
30.0,69,RMP,baseline,0.001026651996653527,4.722599987871945e-05,3.3158023143187165e-05,0.00040387100307270885,0.00015832801000215113,0.0
30.0,69,RMP,optimized,0.0006310489989118651,6.317500083241612e-05,3.570698027033359e-05,0.00014429997827392071,0.00014769499830435961,0.00013902502541895956
30.0,70,RMP,baseline,0.00181913300184533,0.0002427920262562111,5.7089971960522234e-05,0.0006544439675053582,0.0002028430171776563,0.0
30.0,70,RMP,optimized,0.0006939170125406235,5.651803803630173e-05,3.751898475456983e-05,0.00015073100803419948,0.00018157099839299917,0.00014199101133272052
30.0,71,RMP,baseline,0.0009525729983579367,4.606203583534807e-05,3.710306191351265e-05,0.00035973502963315696,0.00015811000776011497,0.0
30.0,71,RMP,optimized,0.0004790379898622632,4.204604192636907e-05,2.5075001758523285e-05,0.000109609987703152,0.0001239440025528893,0.00010405700595583767
30.0,72,RMP,baseline,0.0011461969988886267,5.012399924453348e-05,4.769001679960638e-05,0.0004014609439764172,0.00016804596816655248,0.0
30.0,72,RMP,optimized,0.0005742069915868342,4.9865018809214234e-05,3.197698970325291e-05,0.00013946394028607756,0.00014893697516527027,0.0001166230213129893
30.0,73,RMP,baseline,0.0010608599986881018,4.936195909976959e-05,3.8622994907200336e-05,0.0004086039843969047,0.0001734070247039199,0.0
30.0,73,RMP,optimized,0.0005268769891699776,4.17340052081272e-05,3.998499596491456e-05,0.000125508988276124,0.00012831200729124248,0.00011302401253487915
30.0,74,RMP,baseline,0.0009380490082548931,4.366498615127057e-05,3.0199997127056122e-05,0.0003662249509943649,0.00013684200530406088,0.0
30.0,74,RMP,optimized,0.000492140999995172,4.118404467590153e-05,3.75969975721091e-05,0.00010967206617351621,0.00012422201689332724,0.00010544899851083755
30.0,75,RMP,baseline,0.000987195991910994,4.541498492471874e-05,3.297699731774628e-05,0.0004002099740318954,0.00014902000839356333,0.0
30.0,75,RMP,optimized,0.0005601820012088865,5.3790019592270255e-05,8.002197137102485e-05,0.00011637900024652481,0.00012795501970686018,0.00010910302808042616
30.0,76,RMP,baseline,0.0009078040020540357,4.397399607114494e-05,2.937196404673159e-05,0.0003657250199466944,0.00013262504944577813,0.0
30.0,76,RMP,optimized,0.0005150340002728626,4.123500548303127e-05,2.603299799375236e-05,0.00010953799937851727,0.00014222499157767743,0.00010208897583652288
30.0,77,RMP,baseline,0.001016023990814574,5.675300781149417e-05,3.453099634498358e-05,0.0004045520327053964,0.00014893701882101595,0.0
30.0,77,RMP,optimized,0.0005337909969966859,4.2562998714856803e-05,2.8126989491283894e-05,0.00013198499800637364,0.0001297209964832291,0.00012072404206264764
30.0,78,RMP,baseline,0.0011561619903659448,4.565498966258019e-05,3.635098983068019e-05,0.00040111399721354246,0.000199737012735568,0.0
30.0,78,RMP,optimized,0.0010078339983010665,7.106801785994321e-05,4.747200000565499e-05,0.00018200596969109029,0.0002530019555706531,0.00016701097774785012
30.0,79,RMP,baseline,0.0008721360063645989,4.405899380799383e-05,2.995399700012058e-05,0.00034392898669466376,0.000129373962408863,0.0
30.0,79,RMP,optimized,0.0005091170023661107,4.117704520467669e-05,2.4781969841569662e-05,0.00011395996261853725,0.00012666298425756395,0.00010107204434461892
30.0,80,RMP,baseline,0.001042550997226499,6.408202170860022e-05,3.788196772802621e-05,0.0004073689633514732,0.00015918997814878821,0.0
30.0,80,RMP,optimized,0.0005543999868677929,5.4947027820162475e-05,4.546600393950939e-05,0.00012147697270847857,0.00013090304855722934,0.00011361099313944578
30.0,81,RMP,baseline,0.0009948570077540353,6.078799196984619e-05,3.728402953129262e-05,0.00040508802339900285,0.00014025901327840984,0.0
30.0,81,RMP,optimized,0.0005137749976711348,4.112195165362209e-05,2.701402991078794e-05,0.00011571501090656966,0.00013968405255582184,0.00011269001697655767
30.0,82,RMP,baseline,0.0009543500054860488,4.5522028813138604e-05,3.232198650948703e-05,0.00037292498745955527,0.00014925496361684054,0.0
30.0,82,RMP,optimized,0.0005199949955567718,4.3321953853592277e-05,3.447200288064778e-05,0.0001106760319089517,0.0001421850174665451,0.00010677301906980574
30.0,83,RMP,baseline,0.0021590669930446893,0.00011070999607909471,7.326697232201695e-05,0.000933006958803162,0.0003143970243399963,0.0
30.0,83,RMP,optimized,0.0005978879926260561,6.218001362867653e-05,3.2620999263599515e-05,0.00013773301907349378,0.0001461880310671404,0.00012490800872910768
30.0,84,RMP,baseline,0.0009488680079812184,5.575497925747186e-05,3.205497341696173e-05,0.0003672090242616832,0.0001394609862472862,0.0
30.0,84,RMP,optimized,0.00045331500587053597,3.926697536371648e-05,2.3779022740200162e-05,0.00010289998317603022,0.00011633099347818643,9.964598575606942e-05
30.0,85,RMP,baseline,0.001270591004868038,9.308800508733839e-05,5.1691982662305236e-05,0.0005015350325265899,0.0001792880066204816,0.0
30.0,85,RMP,optimized,0.000612122006714344,4.85269702039659e-05,4.333999822847545e-05,0.00015151799016166478,0.0001535949995741248,0.00011972896754741669
30.0,86,RMP,baseline,0.0013355230039451271,7.113696483429521e-05,6.481098535005003e-05,0.0005306020029820502,0.00020582001889124513,0.0
30.0,86,RMP,optimized,0.0010688009933801368,6.442103767767549e-05,0.0002897620142903179,0.0001839620090322569,0.00017818401101976633,0.0001572729815961793
30.0,87,RMP,baseline,0.0009583320061210543,4.772398096974939e-05,3.310604370199144e-05,0.00037539696495514363,0.00013910504640080035,0.0
30.0,87,RMP,optimized,0.00054226400970947,5.150903598405421e-05,2.9184040613472462e-05,0.00011789295240305364,0.00014948498574085534,0.00011189897486474365
30.0,88,RMP,baseline,0.0010524760000407696,4.9026013584807515e-05,3.6263008951209486e-05,0.0004356079880381003,0.00015454099047929049,0.0
30.0,88,RMP,optimized,0.0005277019954519346,4.440898192115128e-05,2.5925954105332494e-05,0.00012643697846215218,0.0001309590006712824,0.0001149409799836576
30.0,89,RMP,baseline,0.0008821740048006177,4.377696313895285e-05,2.9293994884938e-05,0.0003559900214895606,0.00012823597353417426,0.0
30.0,89,RMP,optimized,0.0004758409922942519,4.172099579591304e-05,2.5761008146218956e-05,0.00011021899990737438,0.00012202400830574334,0.0001011220010695979
30.0,90,RMP,baseline,0.0010173860064242035,4.7070992877706885e-05,3.5657008993439376e-05,0.00039842998376116157,0.0001450959825888276,0.0
30.0,90,RMP,optimized,0.000543514994205907,4.160599200986326e-05,3.934596315957606e-05,0.00011803797679021955,0.00014506698062177747,0.00010807406215462834
30.0,91,RMP,baseline,0.0009721389942569658,4.5774984755553305e-05,3.987798118032515e-05,0.00038493896136060357,0.00015550699026789516,0.0
30.0,91,RMP,optimized,0.0005052079941378906,4.132103640586138e-05,2.646801294758916e-05,0.00011198403080925345,0.00014405298861674964,0.00010577998182270676
30.0,92,RMP,baseline,0.0010439379984745756,5.206403147894889e-05,3.9036996895447373e-05,0.00041330099338665605,0.0001525270490674302,0.0
30.0,92,RMP,optimized,0.0005328510014805943,4.2898012907244265e-05,2.731599670369178e-05,0.00012525000784080476,0.00013366297935135663,0.00012613798025995493
30.0,93,RMP,baseline,0.0010142539977096021,4.8985035391524434e-05,3.474100958555937e-05,0.00041093898471444845,0.0001524349645478651,0.0
30.0,93,RMP,optimized,0.0006235009932424873,4.4670014176517725e-05,3.105003270320594e-05,0.0001445489760953933,0.00017259400920011103,0.0001237480464624241
30.0,94,RMP,baseline,0.0010081119980895892,4.766200436279178e-05,3.40639817295596e-05,0.0003841430152533576,0.0001740840234560892,0.0
30.0,94,RMP,optimized,0.0006539409951074049,4.2414991185069084e-05,2.606000634841621e-05,0.00010879996989388019,0.00011968097533099353,0.00010080699576064944
30.0,95,RMP,baseline,0.0013993750035297126,6.605898670386523e-05,4.6226021368056536e-05,0.0005149300122866407,0.00024164898786693811,0.0
30.0,95,RMP,optimized,0.0009946819918695837,9.206599497701973e-05,6.91279856255278e-05,0.00024623599892947823,0.0002738379844231531,0.00017983699217438698
30.0,96,RMP,baseline,0.0009274850017391145,4.317302955314517e-05,4.404498031362891e-05,0.0003539209865266457,0.00013325201871339232,0.0
30.0,96,RMP,optimized,0.0004933899908792228,4.103498940821737e-05,2.679697354324162e-05,0.00011220498709008098,0.0001330159866483882,0.00010564397962298244
30.0,97,RMP,baseline,0.001663647999521345,6.127596134319901e-05,0.00013295403914526105,0.0006716929783578962,0.0002457669615978375,0.0
30.0,97,RMP,optimized,0.0004928179987473413,4.2453029891476035e-05,2.6009001885540783e-05,0.00011733196151908487,0.00012676100595854223,0.00010455696610733867
30.0,98,RMP,baseline,0.001003754005068913,4.590601020026952e-05,4.485904355533421e-05,0.0003689299919642508,0.00017204301548190415,0.0
30.0,98,RMP,optimized,0.0004710240027634427,4.13579837186262e-05,2.5540037313476205e-05,0.00010828800441231579,0.0001190260227303952,0.00010255299275740981
30.0,99,RMP,baseline,0.0011585669999476522,4.730299406219274e-05,3.5541990655474365e-05,0.0005173049721634015,0.00015800795517861843,0.0
30.0,99,RMP,optimized,0.0005242430052021518,4.444898513611406e-05,2.7282992959953845e-05,0.00012432999210432172,0.00013615998614113778,0.00011494802311062813
30.0,100,RMP,baseline,0.0010400199971627444,5.1334965974092484e-05,5.069797043688595e-05,0.0003862300218315795,0.00016287501784972847,0.0
30.0,100,RMP,optimized,0.000707253988366574,5.303899524733424e-05,3.5456992918625474e-05,0.00014682002074550837,0.00021043104061391205,0.00013222600682638586
30.0,101,RMP,baseline,0.0010393249976914376,4.613598866853863e-05,7.616699440404773e-05,0.00039042800199240446,0.00014462902618106455,0.0
30.0,101,RMP,optimized,0.00047225100570358336,4.177801019977778e-05,2.7230969863012433e-05,0.00011094102228526026,0.00012160402548033744,0.00010165799176320434
30.0,102,RMP,baseline,0.0014231849927455187,6.299302913248539e-05,5.039200186729431e-05,0.0005510319897439331,0.00023941895051393658,0.0
30.0,102,RMP,optimized,0.0009447390038985759,8.159797289408743e-05,5.238698213361204e-05,0.00024272101290989667,0.00027033998048864305,0.00017153893713839352
30.0,103,RMP,baseline,0.0009975970024242997,4.545897536445409e-05,3.332699998281896e-05,0.000423294011852704,0.00014316197484731674,0.0
30.0,103,RMP,optimized,0.0005403160030255094,4.560401430353522e-05,2.8730981284752488e-05,0.0001327889913227409,0.00014102501154411584,0.00011204399925190955
30.0,104,RMP,baseline,0.0010069480049423873,5.3678988479077816e-05,3.8435973692685366e-05,0.0003939870075555518,0.00015037000412121415,0.0
30.0,104,RMP,optimized,0.0005023020057706162,4.302999877836555e-05,2.6702007744461298e-05,0.00011533098586369306,0.00013186999422032386,0.00010597999789752066
30.0,105,RMP,baseline,0.0009098709997488186,4.454700683709234e-05,2.8672002372331917e-05,0.00036037599784322083,0.00013690802734345198,0.0
30.0,105,RMP,optimized,0.0005328150000423193,5.31690166098997e-05,2.8262977139092982e-05,0.00011395601904951036,0.00014240300515666604,0.00010755599942058325
30.0,106,RMP,baseline,0.0009599000040907413,4.879401240032166e-05,4.667400207836181e-05,0.00036131602246314287,0.00014665801427327096,0.0
30.0,106,RMP,optimized,0.0005128100019646809,4.466400423552841e-05,2.6020032237283885e-05,0.00011343498772475868,0.0001314220135100186,0.00010555001790635288
30.0,107,RMP,baseline,0.0011864660045830533,5.56239829165861e-05,4.0134022128768265e-05,0.0004858239844907075,0.00018899097631219774,0.0
30.0,107,RMP,optimized,0.0005484360008267686,4.3365973397158086e-05,2.8346010367386043e-05,0.0001248649787157774,0.00013871004921384156,0.0001137429935624823
30.0,108,RMP,baseline,0.0009472199890296906,4.426899249665439e-05,4.9929964006878436e-05,0.00037310601328499615,0.00013773197133559734,0.0
30.0,108,RMP,optimized,0.0005024779966333881,4.434997390490025e-05,2.579296415206045e-05,0.00011086095764767379,0.0001370430109091103,0.00010835498687811196
30.0,109,RMP,baseline,0.0010164700070163235,4.6554981963709e-05,4.876697494182736e-05,0.0003975199651904404,0.00014717699377797544,0.0
30.0,109,RMP,optimized,0.0005457380029838532,4.466505197342485e-05,3.284798003733158e-05,0.00011960200208704919,0.0001488310081185773,0.00011185204493813217
30.0,110,RMP,baseline,0.0009031849913299084,4.326000635046512e-05,2.8566995752044022e-05,0.00035622202267404646,0.0001440949854440987,0.0
30.0,110,RMP,optimized,0.0004946740082232282,4.2915999074466527e-05,2.673799463082105e-05,0.00011407303099986166,0.0001279789867112413,0.00010989001020789146
30.0,111,RMP,baseline,0.0009959580056602135,4.544599505607039e-05,3.2960044336505234e-05,0.00038894500175956637,0.0001605819707037881,0.0
30.0,111,RMP,optimized,0.0004923390079056844,4.05480241170153e-05,2.6147012249566615e-05,0.00011269201058894396,0.00012614604202099144,0.0001084280083887279
30.0,112,RMP,baseline,0.0016445009969174862,5.464396963361651e-05,4.3473992263898253e-05,0.0005689909885404631,0.00021868899057153612,0.0
30.0,112,RMP,optimized,0.0005399210058385506,4.4611995690502226e-05,3.165098314639181e-05,0.00012200800119899213,0.00013501697685569525,0.00011038400407414883
30.0,113,RMP,baseline,0.0010240580013487488,5.047004378866404e-05,3.579801705200225e-05,0.00039755302714183927,0.00016661502013448626,0.0
30.0,113,RMP,optimized,0.0005588280037045479,4.5109016355127096e-05,3.005503094755113e-05,0.00013648098683916032,0.0001528269931441173,0.00011394296598155051
30.0,114,RMP,baseline,0.0009939740120898932,5.115001113153994e-05,3.755597572308034e-05,0.00039366999408230186,0.00015053201059345156,0.0
30.0,114,RMP,optimized,0.0005156050028745085,4.491099389269948e-05,2.6007997803390026e-05,0.00011913299385923892,0.00013299501733854413,0.00010937800107058138
30.0,115,RMP,baseline,0.0008994540112325922,4.3315012590028346e-05,2.8526963433250785e-05,0.000355106036295183,0.0001345460332231596,0.0
30.0,115,RMP,optimized,0.0006475849950220436,6.708198634441942e-05,3.476203710306436e-05,0.00013477100583259016,0.00016005898942239583,0.00013071205466985703
30.0,116,RMP,baseline,0.001069609003025107,5.105197487864643e-05,3.660799120552838e-05,0.00040899797750171274,0.00018862394790630788,0.0
30.0,116,RMP,optimized,0.0005520150007214397,4.435399023350328e-05,4.596901999320835e-05,0.00012590800179168582,0.00013037999451626092,0.000113311005407013
30.0,117,RMP,baseline,0.0010298870038241148,4.6315006329678e-05,4.031804564874619e-05,0.0004362909821793437,0.0001455999881727621,0.0
30.0,117,RMP,optimized,0.0005241069884505123,5.359901115298271e-05,2.8587979613803327e-05,0.00011754801380448043,0.0001307050115428865,0.00011845803237520158
30.0,118,RMP,baseline,0.0010165109997615218,4.9865004257299006e-05,3.510598617140204e-05,0.0003805370070040226,0.00017236803250852972,0.0
30.0,118,RMP,optimized,0.0007440160115947947,5.923901335336268e-05,4.801800241693854e-05,0.00016188299923669547,0.0001899630151456222,0.00015272300515789539
30.0,119,RMP,baseline,0.0009719430090626702,4.4735046685673296e-05,3.110902616754174e-05,0.00039389898302033544,0.00015249104762915522,0.0
30.0,119,RMP,optimized,0.0009194380108965561,8.934599463827908e-05,4.497896588873118e-05,0.00020770095579791814,0.00028292003844399005,0.0001695820246823132
30.0,120,RMP,baseline,0.0009314680064562708,4.375800199341029e-05,3.062901669181883e-05,0.0003798879770329222,0.00013459300680551678,0.0
30.0,120,RMP,optimized,0.00047953899775166065,3.938801819458604e-05,2.5762055884115398e-05,0.00010657397797331214,0.00013410400424618274,0.00010062902583740652
30.0,121,RMP,baseline,0.0010345390037400648,5.290302215144038e-05,3.758506500162184e-05,0.00039270198612939566,0.00015546199574600905,0.0
30.0,121,RMP,optimized,0.0005317739996826276,4.53180109616369e-05,3.164597728755325e-05,0.0001177700178232044,0.00014037196524441242,0.0001061160146491602
30.0,122,RMP,baseline,0.0011930199980270118,4.8735979362390935e-05,4.3299951357766986e-05,0.0004931200091959909,0.0001668879995122552,0.0
30.0,122,RMP,optimized,0.0006391170027200133,4.46900085080415e-05,3.2391020795330405e-05,0.00013406900689005852,0.00016896497982088476,0.000121356948511675
30.0,123,RMP,baseline,0.0013946560065960512,5.7783006923273206e-05,5.439098458737135e-05,0.00047384799108840525,0.0002171520027332008,0.0
30.0,123,RMP,optimized,0.0005759380001109093,5.062794662080705e-05,3.0359020456671715e-05,0.00013010800466872752,0.00015007499314378947,0.0001227540196850896
30.0,124,RMP,baseline,0.0014697419974254444,0.00010231499618384987,5.8619974879547954e-05,0.0006206739781191573,0.00018828304018825293,0.0
30.0,124,RMP,optimized,0.0005322540091583505,4.343199543654919e-05,2.735697489697486e-05,0.00013555398618336767,0.0001308290084125474,0.00011120301496703178
30.0,125,RMP,baseline,0.0010177579970331863,4.8510017222724855e-05,4.8978981794789433e-05,0.00038773501000832766,0.00016064703231677413,0.0
30.0,125,RMP,optimized,0.0004926670080749318,4.2927960748784244e-05,2.660897735040635e-05,0.00011416300549171865,0.00013053498696535826,0.00010433602437842637
30.0,126,RMP,baseline,0.0012095769925508648,4.911293217446655e-05,0.00016747998597566038,0.0004447000101208687,0.0001550400338601321,0.0
30.0,126,RMP,optimized,0.0010920519998762757,6.891999510116875e-05,6.116098666097969e-05,0.00016225702711381018,0.0005339329945854843,0.00014460799866355956
30.0,127,RMP,baseline,0.0012845400051446632,6.12090079812333e-05,4.454895679373294e-05,0.00047809199895709753,0.0002166600461350754,0.0
30.0,127,RMP,optimized,0.0007898850017227232,0.00010163399565499276,4.241701390128583e-05,0.00017356501484755427,0.00020181199943181127,0.00015055401308927685
30.0,128,RMP,baseline,0.0011362139921402559,4.9763970309868455e-05,4.769001679960638e-05,0.00048053798673208803,0.00015421400894410908,0.0
30.0,128,RMP,optimized,0.00048770800640340894,4.047997936140746e-05,2.5159024517051876e-05,0.00011931599874515086,0.00012534501729533076,9.978702291846275e-05
30.0,129,RMP,baseline,0.0012485820043366402,6.755997310392559e-05,4.66459896415472e-05,0.0004895669699180871,0.00020387794938869774,0.0
30.0,129,RMP,optimized,0.0005701680056517944,4.368802183307707e-05,2.8052993002347648e-05,0.00015592902491334826,0.00014014002226758748,0.00011608500790316612
30.0,130,RMP,baseline,0.0009511420066701248,4.3576990719884634e-05,3.197797923348844e-05,0.0003854240203509107,0.00013998399663250893,0.0
30.0,130,RMP,optimized,0.0004948020068695769,4.100899968761951e-05,2.5855013518594205e-05,0.00011208995420020074,0.00013696198584511876,0.0001043170050252229
30.0,131,RMP,baseline,0.0012631629942916334,6.120398757047951e-05,4.6403074520640075e-05,0.00047399502363987267,0.00019906499073840678,0.0
30.0,131,RMP,optimized,0.0005564390012295917,4.5294975279830396e-05,4.379595338832587e-05,0.00012955599231645465,0.00013805902563035488,0.00011212703248020262
30.0,132,RMP,baseline,0.0009622399957152084,4.708099004346877e-05,4.050695861224085e-05,0.0003780230035772547,0.00014284403005149215,0.0
30.0,132,RMP,optimized,0.0005652980034938082,4.7545036068186164e-05,3.024002944584936e-05,0.00012072698154952377,0.00017129696789197624,0.00011445600830484182
30.0,133,RMP,baseline,0.000990387998172082,4.566398274619132e-05,3.239701618440449e-05,0.0004082139930687845,0.00013898401812184602,0.0
30.0,133,RMP,optimized,0.0004951169976266101,4.332301614340395e-05,2.7555986889638007e-05,0.00011322900536470115,0.0001303019525948912,0.0001084860268747434
30.0,134,RMP,baseline,0.0011730080004781485,5.348102422431111e-05,3.624400414992124e-05,0.0004937170015182346,0.00018162198830395937,0.0
30.0,134,RMP,optimized,0.0006591150013264269,6.261402450036258e-05,3.132699930574745e-05,0.0001463539811084047,0.0001706760231172666,0.0001336609711870551
30.0,135,RMP,baseline,0.0009228740091202781,4.48660139227286e-05,3.12870106426999e-05,0.0003574369620764628,0.00015090001397766173,0.0
30.0,135,RMP,optimized,0.0004915669996989891,4.09640051657334e-05,2.4822991690598428e-05,0.00012266301200725138,0.00012695697660092264,0.00010279101843480021
30.0,136,RMP,baseline,0.00167875099577941,8.490902837365866e-05,6.247598503250629e-05,0.0006829559861216694,0.0002675620053196326,0.0
30.0,136,RMP,optimized,0.0005866749997949228,5.9250989579595625e-05,4.471505235414952e-05,0.00013502399087883532,0.0001366600045002997,0.0001110500015784055
30.0,137,RMP,baseline,0.0010565780103206635,4.984902625437826e-05,3.472200478427112e-05,0.0004305019829189405,0.0001521030062576756,0.0
30.0,137,RMP,optimized,0.0006094440032029524,5.0390983233228326e-05,3.2585012377239764e-05,0.00015321500541176647,0.00015457502740900964,0.00012922199675813317
30.0,138,RMP,baseline,0.0010286390024702996,5.258896271698177e-05,3.658098285086453e-05,0.00038316097925417125,0.00015027498011477292,0.0
30.0,138,RMP,optimized,0.0005690490070264786,4.051097494084388e-05,2.990197390317917e-05,0.00013134098844602704,0.0001486219698563218,0.00012456800322979689
30.0,139,RMP,baseline,0.001779339014319703,8.698197780176997e-05,5.209801020100713e-05,0.0008170300425263122,0.0002246930089313537,0.0
30.0,139,RMP,optimized,0.00048772401351016015,4.314297984819859e-05,2.587698691058904e-05,0.0001117969659389928,0.0001250419591087848,0.00010585899872239679
30.0,140,RMP,baseline,0.0009514850098639727,4.605302819982171e-05,3.6488971090875566e-05,0.0003665149997686967,0.00014460906095337123,0.0
30.0,140,RMP,optimized,0.00046856999688316137,4.1485996916890144e-05,2.588100323919207e-05,0.00011038900993298739,0.00011930194159504026,0.000101762983831577
30.0,141,RMP,baseline,0.0011300050100544468,4.763499600812793e-05,3.930398088414222e-05,0.0004029689880553633,0.00019392296962905675,0.0
30.0,141,RMP,optimized,0.0005611439992208034,4.3448046199046075e-05,4.718199488706887e-05,0.0001206489687319845,0.00014935499348212034,0.00011230702511966228
30.0,142,RMP,baseline,0.0012097239959985018,5.069300823379308e-05,0.00014263302728068084,0.00041397199674975127,0.0001816580188460648,0.0
30.0,142,RMP,optimized,0.0005866800056537613,4.8971036449074745e-05,3.0687995604239404e-05,0.00012952301767654717,0.00015932405949570239,0.00011615101539064199
30.0,143,RMP,baseline,0.0010226559970760718,4.78319707326591e-05,3.622895746957511e-05,0.0004033870209241286,0.0001534280163468793,0.0
30.0,143,RMP,optimized,0.0005780389910796657,4.351699317339808e-05,2.909102477133274e-05,0.00013907997345086187,0.0001401319750584662,0.00011608599743340164
30.0,144,RMP,baseline,0.0010105940018547699,4.712202644441277e-05,3.240202204324305e-05,0.0003940229507861659,0.000150881998706609,0.0
30.0,144,RMP,optimized,0.0005716019950341433,4.83440380776301e-05,2.9364964575506747e-05,0.00013381094322539866,0.00014694697165396065,0.00013159601076040417
30.0,145,RMP,baseline,0.0010001900081988424,4.8368980060331523e-05,3.5159988328814507e-05,0.0004082780214957893,0.00014952896162867546,0.0
30.0,145,RMP,optimized,0.000517806998686865,5.522598803509027e-05,2.83359840977937e-05,0.0001177119993371889,0.00013061099161859602,0.00011033999908249825
30.0,146,RMP,baseline,0.0009330739994766191,4.709900531452149e-05,3.5199031117372215e-05,0.00037354498635977507,0.00013888401736039668,0.0
30.0,146,RMP,optimized,0.00047523999819532037,4.208799509797245e-05,3.1199990189634264e-05,0.00010924201342277229,0.00011953202192671597,0.00010126197594217956
30.0,147,RMP,baseline,0.0016188090085051954,5.38760214112699e-05,0.0001177200028905645,0.00047117695794440806,0.00019724899902939796,0.0
30.0,147,RMP,optimized,0.0005782099906355143,4.8102985601872206e-05,2.9448012355715036e-05,0.00013038497127126902,0.0001469580311095342,0.00011873801122419536
30.0,148,RMP,baseline,0.0010058730113087222,4.811001417692751e-05,5.0811024266295135e-05,0.0004040630010422319,0.00014731795818079263,0.0
30.0,148,RMP,optimized,0.0004911859869025648,4.0855040424503386e-05,2.572899393271655e-05,0.00011363800149410963,0.0001218379766214639,0.00011832101154141128
30.0,149,RMP,baseline,0.0009615579911042005,4.761002492159605e-05,3.243198443669826e-05,0.0003729160234797746,0.000158558992552571,0.0
30.0,149,RMP,optimized,0.0005032240005675703,4.391500260680914e-05,2.59520165855065e-05,0.00011616997653618455,0.00013180097448639572,0.00010738802666310221
30.0,150,RMP,baseline,0.0009619299962650985,4.952898598276079e-05,3.537602606229484e-05,0.0003729539748746902,0.0001461579668102786,0.0
30.0,150,RMP,optimized,0.0012928450014442205,7.426401134580374e-05,5.843403050675988e-05,0.00039293197914958,0.0002732000284595415,0.00034572101139929146
30.0,151,RMP,baseline,0.0009845440072240308,4.5431050239130855e-05,3.224401734769344e-05,0.00037295596848707646,0.00014846997510176152,0.0
30.0,151,RMP,optimized,0.0005041359981987625,4.17260016547516e-05,2.7336980565451086e-05,0.00011248498049098998,0.00012833502842113376,0.00011411300511099398
30.0,152,RMP,baseline,0.0011026790016330779,4.723998426925391e-05,7.854095019865781e-05,0.0004119809891562909,0.00014890798775013536,0.0
30.0,152,RMP,optimized,0.0005362489901017398,4.198400711175054e-05,2.811498416122049e-05,0.00013626897998619825,0.00014197600830812007,0.00010912197467405349
30.0,153,RMP,baseline,0.0009787549934117123,4.609007737599313e-05,3.0732000595889986e-05,0.00039250800909940153,0.0001519739889772609,0.0
30.0,153,RMP,optimized,0.0004666860040742904,4.075598553754389e-05,2.5447996449656785e-05,0.00010968103015329689,0.00011940300464630127,0.00010184499842580408
30.0,154,RMP,baseline,0.0010322149901185185,4.944797547068447e-05,3.6258017644286156e-05,0.0004074520111316815,0.0001624070282559842,0.0
30.0,154,RMP,optimized,0.0004999869997845963,4.299101419746876e-05,2.7021000278182328e-05,0.00011171703226864338,0.00013537902850657701,0.00010754096729215235
30.0,155,RMP,baseline,0.0010823439952218905,4.852698475588113e-05,3.41889972332865e-05,0.0004460279451450333,0.0001581639953656122,0.0
30.0,155,RMP,optimized,0.000593607997871004,4.931798321194947e-05,3.169399860780686e-05,0.00014382902008946985,0.00015589699614793062,0.00012342797708697617
30.0,156,RMP,baseline,0.0009797949896892533,4.622999404091388e-05,3.264298720750958e-05,0.0003877649869536981,0.0001489330461481586,0.0
30.0,156,RMP,optimized,0.000456453999504447,4.040799103677273e-05,2.4908993509598076e-05,0.00010190600005444139,0.0001180889958050102,9.804998990148306e-05
30.0,157,RMP,baseline,0.001263341007870622,5.0925969844684005e-05,4.604901187121868e-05,0.0005322059878380969,0.00017000404477585107,0.0
30.0,157,RMP,optimized,0.0006223239906830713,4.414696013554931e-05,2.901100378949195e-05,0.00021871701756026596,0.00013753898383583874,0.00011283201456535608
30.0,158,RMP,baseline,0.0009346500009996817,4.290600190870464e-05,3.327996819280088e-05,0.000375184987206012,0.00014293499407358468,0.0
30.0,158,RMP,optimized,0.0004813010018551722,4.111198359169066e-05,2.6515990612097085e-05,0.00010955198376905173,0.000121849006973207,0.00011323204671498388
30.0,159,RMP,baseline,0.00113565000356175,5.003994738217443e-05,3.624401870183647e-05,0.0004466700047487393,0.00018908700440078974,0.0
30.0,159,RMP,optimized,0.000576308011659421,4.7849040129221976e-05,3.203394589945674e-05,0.00013216998195275664,0.00015771595644764602,0.00011888501467183232
30.0,160,RMP,baseline,0.0010368090006522834,4.813200212083757e-05,3.2175026717595756e-05,0.00040264597919303924,0.00014924102288205177,0.0
30.0,160,RMP,optimized,0.0008869380108080804,7.886897947173566e-05,4.6203043893910944e-05,0.0001779999874997884,0.0002648719528224319,0.00016846404469106346
30.0,161,RMP,baseline,0.0010163919941987842,4.687500768341124e-05,3.348499012645334e-05,0.00042340398067608476,0.00014569300401490182,0.0
30.0,161,RMP,optimized,0.0004618110106093809,4.080899816472083e-05,2.484399010427296e-05,0.000104977996670641,0.00012007399345748127,0.00010144901170860976
30.0,162,RMP,baseline,0.0010615719947963953,4.899998020846397e-05,3.8717989809811115e-05,0.00039506700704805553,0.00016130301810335368,0.0
30.0,162,RMP,optimized,0.0004786039935424924,4.0690996684134007e-05,2.4883993319235742e-05,0.00011085599544458091,0.00012089395022485405,0.00010588296572677791
30.0,163,RMP,baseline,0.0018772680050460622,5.780799256172031e-05,4.3800988350994885e-05,0.0010195749928243458,0.00021234403538983315,0.0
30.0,163,RMP,optimized,0.0008577440021326765,6.432698864955455e-05,5.7079014368355274e-05,0.00018326903227716684,0.00024143597693182528,0.000194877982721664
30.0,164,RMP,baseline,0.0009462260059081018,4.5320019125938416e-05,3.0713999876752496e-05,0.00038582197157666087,0.0001467019901610911,0.0
30.0,164,RMP,optimized,0.00045504501031246036,4.027299291919917e-05,2.4217049940489233e-05,0.0001054310123436153,0.00011811101285275072,0.00010069197742268443
30.0,165,RMP,baseline,0.0010331570083508268,4.8711022827774286e-05,3.3774005714803934e-05,0.0004029990086564794,0.00016710601630620658,0.0
30.0,165,RMP,optimized,0.0006871179939480498,7.849697431083769e-05,3.733803168870509e-05,0.0001453849399695173,0.00017523499263916165,0.0001465199893573299
30.0,166,RMP,baseline,0.0010010670084739104,4.6561035560444e-05,3.447900235187262e-05,0.0003813070070464164,0.00015029402857180685,0.0
30.0,166,RMP,optimized,0.0005017340008635074,4.340003943070769e-05,2.6763009373098612e-05,0.00011499902757350355,0.0001335689885308966,0.00010546101839281619
30.0,167,RMP,baseline,0.0010597519867587835,5.084402801003307e-05,5.9298035921528935e-05,0.0004006010276498273,0.00016529098502360284,0.0
30.0,167,RMP,optimized,0.0005232860130490735,4.3516047298908234e-05,2.6220994186587632e-05,0.00012643198715522885,0.00013213099737185985,0.00011108098260592669
30.0,168,RMP,baseline,0.0009416139946551993,4.453105793800205e-05,4.1961000533774495e-05,0.0003735260252142325,0.00013206801668275148,0.0
30.0,168,RMP,optimized,0.0011951619962928817,9.35989519348368e-05,6.097699224483222e-05,0.0002274990256410092,0.00045684498036280274,0.00020624205353669822
30.0,169,RMP,baseline,0.0010079960047733039,4.886498209089041e-05,3.518295125104487e-05,0.00041718802822288126,0.000149664978380315,0.0
30.0,169,RMP,optimized,0.0004950220027239993,4.172998887952417e-05,2.5899018510244787e-05,0.00010804204794112593,0.0001233729999512434,0.00010087700502481312
30.0,170,RMP,baseline,0.0011539300030563027,6.098501035012305e-05,4.4629996409639716e-05,0.00045953797234687954,0.00019347600755281746,0.0
30.0,170,RMP,optimized,0.000548058989807032,5.004805279895663e-05,2.86650174530223e-05,0.00013948000560048968,0.0001380659668939188,0.00010862793715205044
30.0,171,RMP,baseline,0.0010795270063681528,4.994899791199714e-05,3.758400271181017e-05,0.00041880800563376397,0.0001837340387282893,0.0
30.0,171,RMP,optimized,0.000502153008710593,5.147499905433506e-05,2.6734982384368777e-05,0.00011685102072078735,0.00012667600822169334,0.00010723498417064548
30.0,172,RMP,baseline,0.0011303290084470063,6.003597809467465e-05,3.88249900424853e-05,0.0004209130129311234,0.00021629202819895,0.0
30.0,172,RMP,optimized,0.0006016259867465124,4.200098919682205e-05,8.26399918878451e-05,0.00012835999950766563,0.00013428200327325612,0.00011415596236474812
30.0,173,RMP,baseline,0.0009802389977267012,4.6358982217498124e-05,4.4115979108028114e-05,0.00037016498390585184,0.00016296198009513319,0.0
30.0,173,RMP,optimized,0.0005202660104259849,4.272896330803633e-05,2.6067966246046126e-05,0.00011466503201518208,0.00013048200344201177,0.00011371501022949815
30.0,174,RMP,baseline,0.0018389559991192073,0.00017224000475835055,9.23179613891989e-05,0.0006719810044160113,0.00022392098617274314,0.0
30.0,174,RMP,optimized,0.0006237699999473989,4.5787019189447165e-05,4.697596887126565e-05,0.0001392379926983267,0.00016913996660150588,0.00013615800708066672
30.0,175,RMP,baseline,0.0009895789989968762,4.826797521673143e-05,3.516500873956829e-05,0.00037450905074365437,0.00015378103125840425,0.0
30.0,175,RMP,optimized,0.0005104769952595234,4.446403181646019e-05,2.7236019377596676e-05,0.00011927200830541551,0.00012952597171533853,0.00010796300193760544
30.0,176,RMP,baseline,0.0009917040006257594,4.5986977056600153e-05,3.3572985557839274e-05,0.0003986190276918933,0.00013976701302453876,0.0
30.0,176,RMP,optimized,0.00046898100117687136,4.263700975570828e-05,2.477601810824126e-05,0.00011001799430232495,0.0001196469966089353,0.00010178398224525154
30.0,177,RMP,baseline,0.001026459998684004,4.5531996875070035e-05,3.464199835434556e-05,0.0004126729763811454,0.00015216198517009616,0.0
30.0,177,RMP,optimized,0.001272639012313448,9.243300883099437e-05,5.940203845966607e-05,0.00017889302398543805,0.0006627940019825473,0.00015881295257713646
30.0,178,RMP,baseline,0.0009817439859034494,4.46140329586342e-05,3.221198858227581e-05,0.0004069440037710592,0.00014226898201741278,0.0
30.0,178,RMP,optimized,0.0006068429938750342,4.319904837757349e-05,2.9373011784628034e-05,0.00017738298629410565,0.00015937502030283213,0.00011253898264840245
30.0,179,RMP,baseline,0.001035409004543908,4.825604264624417e-05,3.599100455176085e-05,0.000414473979617469,0.000149234983837232,0.0
30.0,179,RMP,optimized,0.000554929007194005,6.499199662357569e-05,2.809504803735763e-05,0.00012056996638420969,0.0001348410005448386,0.00012038594286423177
30.0,180,RMP,baseline,0.0009146019874606282,4.461802018340677e-05,3.1032017432153225e-05,0.00036519196873996407,0.00013311402290128171,0.0
30.0,180,RMP,optimized,0.0004588900046655908,4.045499372296035e-05,2.515302912797779e-05,0.00010442097845952958,0.00011798900959547609,0.00010244098666589707
30.0,181,RMP,baseline,0.00113374600186944,5.488797614816576e-05,3.9416030631400645e-05,0.0004797409783350304,0.00016774098912719637,0.0
30.0,181,RMP,optimized,0.0004752219974761829,4.12230147048831e-05,2.5381988962180912e-05,0.00011104198347311467,0.00012295902706682682,0.00010162497346755117
30.0,182,RMP,baseline,0.0012376179947750643,5.747402610722929e-05,4.245198215357959e-05,0.00044663698645308614,0.00019180201343260705,0.0
30.0,182,RMP,optimized,0.0005461289983941242,4.343199543654919e-05,3.7756995880045e-05,0.00014130001363810152,0.00013142100942786783,0.00010995498450938612
30.0,183,RMP,baseline,0.0009585060033714399,4.934199387207627e-05,4.933901072945446e-05,0.0003690900048241019,0.00014384697715286165,0.0
30.0,183,RMP,optimized,0.0004528019926510751,3.949900565203279e-05,2.3683009203523397e-05,0.00010431499686092138,0.00011857903155032545,9.997897723224014e-05
30.0,184,RMP,baseline,0.0012384340079734102,5.2702947868965566e-05,4.59319562651217e-05,0.0004929910210194066,0.00019162698299624026,0.0
30.0,184,RMP,optimized,0.00048550800420343876,4.4876025640405715e-05,2.719402255024761e-05,0.0001135039929067716,0.00012435299868229777,0.00010468899563420564
30.0,185,RMP,baseline,0.0009708319994388148,4.565699782688171e-05,3.156198363285512e-05,0.00039202299376484007,0.00014358395128510892,0.0
30.0,185,RMP,optimized,0.0010218450042884797,6.268700235523283e-05,5.7581986766308546e-05,0.00034464402415324,0.00025233003543689847,0.0001643959985813126
30.0,186,RMP,baseline,0.0009273960022255778,4.390305548440665e-05,4.3670981540344656e-05,0.0003634790045907721,0.0001352420076727867,0.0
30.0,186,RMP,optimized,0.0004578119987854734,3.9718011976219714e-05,2.4086999474093318e-05,0.00010261796705890447,0.00012027600314468145,9.824098378885537e-05
30.0,187,RMP,baseline,0.001263600992388092,5.868898006156087e-05,4.030797572340816e-05,0.0004628000169759616,0.0002096659882226959,0.0
30.0,187,RMP,optimized,0.0006373440119205043,5.030602915212512e-05,5.0578018999658525e-05,0.0001438270410289988,0.00014091994671616703,0.0001219489931827411
30.0,188,RMP,baseline,0.0009710029989946634,6.005400791764259e-05,3.4692027838900685e-05,0.00038294997648335993,0.00014904201088938862,0.0
30.0,188,RMP,optimized,0.0004514519969234243,3.9815029595047235e-05,2.4336972273886204e-05,0.00010135999764315784,0.00011640602315310389,9.883700113277882e-05
30.0,189,RMP,baseline,0.0012719439982902259,4.6429006033577025e-05,3.4034994314424694e-05,0.0004930719878757372,0.00017491597100161016,0.0
30.0,189,RMP,optimized,0.0005332889995770529,4.4818021706305444e-05,3.141599881928414e-05,0.0001244230370502919,0.0001361499889753759,0.00011577596887946129
30.0,190,RMP,baseline,0.0010590049932943657,4.812600673176348e-05,3.289399319328368e-05,0.00041838196921162307,0.0001687899639364332,0.0
30.0,190,RMP,optimized,0.000545323986443691,4.6327972086146474e-05,2.6492998586036265e-05,0.0001214880176121369,0.00014277399168349802,0.00012602795322891325
30.0,191,RMP,baseline,0.0009352350025437772,4.993099719285965e-05,3.369597834534943e-05,0.00037096098822075874,0.00013700599083676934,0.0
30.0,191,RMP,optimized,0.00045967899495735765,4.1140010580420494e-05,2.5173983885906637e-05,0.00010510804713703692,0.00011873301991727203,0.00010070700955111533
30.0,192,RMP,baseline,0.0009775259968591854,4.3935011490248144e-05,3.0365990824066103e-05,0.0004099840298295021,0.00013637199299409986,0.0
30.0,192,RMP,optimized,0.0004672430077334866,3.973896673414856e-05,3.178203769493848e-05,0.0001058570051100105,0.00011676798749249429,0.00010202093108091503
30.0,193,RMP,baseline,0.0009659770003054291,4.7365043428726494e-05,4.382999031804502e-05,0.00038238697743508965,0.0001387740339851007,0.0
30.0,193,RMP,optimized,0.0006551739934366196,4.7653011279180646e-05,3.29440226778388e-05,0.0001474310120102018,0.00016775699623394758,0.00015486801567021757
30.0,194,RMP,baseline,0.001319339993642643,7.105799159035087e-05,4.526002157945186e-05,0.0004869980184594169,0.00024558897712267935,0.0
30.0,194,RMP,optimized,0.000664489998598583,5.928096652496606e-05,3.400900459382683e-05,0.0001480730134062469,0.00017899196245707572,0.00014677098079118878
30.0,195,RMP,baseline,0.0011505949951242656,5.7169992942363024e-05,3.5599005059339106e-05,0.0004429280088515952,0.00021601903426926583,0.0
30.0,195,RMP,optimized,0.0005636809946736321,5.235301796346903e-05,2.8473004931584e-05,0.00013693099026568234,0.00014759802434127778,0.00011617495329119265
30.0,196,RMP,baseline,0.001187513000331819,5.592902016360313e-05,3.799503610935062e-05,0.0004344509507063776,0.0002052630006801337,0.0
30.0,196,RMP,optimized,0.00048361800145357847,4.293203528504819e-05,2.5493980501778424e-05,0.00011265197827015072,0.00012604596849996597,0.00010276900138705969
30.0,197,RMP,baseline,0.0009902229940053076,5.9504949604161084e-05,3.334297798573971e-05,0.0003782290004892275,0.00014766695676371455,0.0
30.0,197,RMP,optimized,0.0007523290114477277,5.578302079811692e-05,4.826906661037356e-05,0.00015019599231891334,0.0002193620166508481,0.00014050299068912864
30.0,198,RMP,baseline,0.0010288409976055846,4.722895391751081e-05,4.646995512302965e-05,0.00039098699926398695,0.00018101198656950146,0.0
30.0,198,RMP,optimized,0.00045593499089591205,3.944103082176298e-05,2.456198853906244e-05,0.00010550403385423124,0.00011483204434625804,0.00010054599260911345
30.0,199,RMP,baseline,0.0009644359961384907,4.343198088463396e-05,3.759998071473092e-05,0.000379338045604527,0.00015341599646490067,0.0
30.0,199,RMP,optimized,0.0005471869953908026,4.303296736907214e-05,2.759000926744193e-05,0.00012401503045111895,0.00013942703662905842,0.00013034504081588238
30.0,200,RMP,baseline,0.0011871099995914847,0.00012468601926229894,4.6608998673036695e-05,0.00043845798063557595,0.00017949797620531172,0.0
30.0,200,RMP,optimized,0.0004684180021286011,4.0871003875508904e-05,2.45099508902058e-05,0.00010802500764839351,0.0001192479976452887,0.00010148700675927103
30.0,201,RMP,baseline,0.0011680919997161254,5.4278047173283994e-05,4.517998604569584e-05,0.00046795999514870346,0.00019002798944711685,0.0
30.0,201,RMP,optimized,0.0006076400022720918,5.0035989261232316e-05,2.9360991902649403e-05,0.0001290119980694726,0.0001909489801619202,0.00011843103857245296
30.0,202,RMP,baseline,0.0016978799976641312,9.053104440681636e-05,6.243000098038465e-05,0.0005997760017635301,0.00031769199995324016,0.0
30.0,202,RMP,optimized,0.0007269710040418431,5.9493992011994123e-05,3.6284036468714476e-05,0.00017370197747368366,0.0001709039934212342,0.0001625640579732135
30.0,203,RMP,baseline,0.0010564309923211113,4.9458976718597114e-05,3.6274941521696746e-05,0.00040671399619895965,0.00016983496607281268,0.0
30.0,203,RMP,optimized,0.00048277700261678547,4.2315019527450204e-05,2.9575021471828222e-05,0.00010810996172949672,0.0001238229888258502,0.00010417801968287677
30.0,204,RMP,baseline,0.001097230997402221,4.7066001570783556e-05,3.8156023947522044e-05,0.00041347203659825027,0.00015158799942582846,0.0
30.0,204,RMP,optimized,0.0005279960023472086,4.2736020986922085e-05,2.678201417438686e-05,0.00012247601989656687,0.00013144600961823016,0.0001269950153073296
30.0,205,RMP,baseline,0.0009844110027188435,4.8125002649612725e-05,3.297398507129401e-05,0.0004004130023531616,0.00014250801177695394,0.0
30.0,205,RMP,optimized,0.0004565050039673224,4.02819860028103e-05,2.47550051426515e-05,0.00010471101268194616,0.00011779298074543476,9.910699736792594e-05
30.0,206,RMP,baseline,0.001098695007385686,5.492701893672347e-05,3.795698285102844e-05,0.00041771198448259383,0.0001640699920244515,0.0
30.0,206,RMP,optimized,0.0005862749967491254,4.930800059810281e-05,3.076298162341118e-05,0.00012710799637716264,0.00017237498832400888,0.0001173760392703116
30.0,207,RMP,baseline,0.000983080011792481,4.539704241324216e-05,3.237697819713503e-05,0.00036523299058899283,0.00014277698937803507,0.0
30.0,207,RMP,optimized,0.0005427480064099655,4.316498234402388e-05,2.8592985472641885e-05,0.00011792204168159515,0.00015705601254012436,0.00011748200631700456
30.0,208,RMP,baseline,0.001102354988688603,4.945606633555144e-05,8.386498666368425e-05,0.00042456800292711705,0.00016536802286282182,0.0
30.0,208,RMP,optimized,0.000513475009938702,4.423900099936873e-05,2.8847993235103786e-05,0.00013090099673718214,0.00013029997353442013,0.00010693496733438224
30.0,209,RMP,baseline,0.0011214489932172,5.0515998736955225e-05,5.305497325025499e-05,0.0004348839574959129,0.00016985902038868517,0.0
30.0,209,RMP,optimized,0.0009639310010243207,5.176501872483641e-05,0.00019529399287421256,0.00019107999105472118,0.00018088199431076646,0.00020367097749840468
30.0,210,RMP,baseline,0.001031541993143037,4.6590022975578904e-05,3.536700387485325e-05,0.00037418099236674607,0.0001509429857833311,0.0
30.0,210,RMP,optimized,0.00045570799557026476,3.920098242815584e-05,2.370499714743346e-05,0.00010878297325689346,0.00011709397949744016,9.889298235066235e-05
30.0,211,RMP,baseline,0.0009555750002618879,4.80699964100495e-05,3.228599962312728e-05,0.00038802098424639553,0.00013684200530406088,0.0
30.0,211,RMP,optimized,0.0005221590108703822,4.7276989789679646e-05,2.7880989364348352e-05,0.00011898697994183749,0.0001361370086669922,0.00011096998059656471
30.0,212,RMP,baseline,0.0009601589990779757,5.908399180043489e-05,3.2337033189833164e-05,0.0003779040416702628,0.00013778798165731132,0.0
30.0,212,RMP,optimized,0.0004552309983409941,4.061299841850996e-05,2.5161993107758462e-05,0.00010284701420459896,0.00011655401613097638,0.00010067297262139618
30.0,213,RMP,baseline,0.0011316829913994297,5.985800817143172e-05,4.0960003389045596e-05,0.0004275450046407059,0.00018507998902350664,0.0
30.0,213,RMP,optimized,0.0005063510034233332,4.412999260239303e-05,2.72799952654168e-05,0.00011654698755592108,0.00013367099745664746,0.00011092399654444307
30.0,214,RMP,baseline,0.0010510479914955795,4.281895235180855e-05,2.8458991437219083e-05,0.0003473080141702667,0.00014458000077866018,0.0
30.0,214,RMP,optimized,0.0006191049906192347,4.830198304262012e-05,3.9889971958473325e-05,0.00015020898717921227,0.0001493479940108955,0.00012842900468967855
30.0,215,RMP,baseline,0.001120860004448332,5.096297536510974e-05,3.6515004467219114e-05,0.00042578595457598567,0.00017339797341264784,0.0
30.0,215,RMP,optimized,0.0004948450077790767,4.393997369334102e-05,2.8082969947718084e-05,0.00011469701712485403,0.00012415503442753106,0.00010964597458951175
30.0,216,RMP,baseline,0.0010603080008877441,4.944393003825098e-05,3.6161000025458634e-05,0.00040396401891484857,0.00020698703883681446,0.0
30.0,216,RMP,optimized,0.0005839000077685341,4.713298403657973e-05,2.89160234387964e-05,0.00014112499775364995,0.00015311999595724046,0.00012241998047102243
30.0,217,RMP,baseline,0.0009697509958641604,4.969300061929971e-05,3.134597500320524e-05,0.0003866880142595619,0.00014199901488609612,0.0
30.0,217,RMP,optimized,0.0005381969967857003,4.338903818279505e-05,4.3050997192040086e-05,0.00012001904542557895,0.0001341050083283335,0.00011393305612728
30.0,218,RMP,baseline,0.0011164890020154417,5.24079950992018e-05,3.711304452735931e-05,0.00040121602069120854,0.00022347303456626832,0.0
30.0,218,RMP,optimized,0.0006890859949635342,5.422798858489841e-05,4.488800186663866e-05,0.00014906203432474285,0.0001964709663297981,0.00014362900401465595
30.0,219,RMP,baseline,0.0013473420112859458,5.637599679175764e-05,4.696498217526823e-05,0.000568236006074585,0.00023752995184622705,0.0
30.0,219,RMP,optimized,0.0009489579970249906,7.79939437052235e-05,5.500703991856426e-05,0.00024308799766004086,0.0002695800212677568,0.0001794490235624835
30.0,220,RMP,baseline,0.0010830550017999485,5.257701559457928e-05,3.6950004869140685e-05,0.000432821994763799,0.00016459300240967423,0.0
30.0,220,RMP,optimized,0.0004948330024490133,4.372600233182311e-05,2.6658977731131017e-05,0.00011457399523351341,0.00012821296695619822,0.0001092120073735714
30.0,221,RMP,baseline,0.0011154879903187975,5.005500861443579e-05,3.41809936799109e-05,0.00042318995110690594,0.00015954399714246392,0.0
30.0,221,RMP,optimized,0.0007419229950755835,5.811000301036984e-05,3.5215954994782805e-05,0.0001726070186123252,0.00022592001187149435,0.00013460000627674162
30.0,222,RMP,baseline,0.001123376001487486,5.632899410557002e-05,4.299203283153474e-05,0.00043840099533554167,0.00016390402743127197,0.0
30.0,222,RMP,optimized,0.000536174004082568,5.4042015108279884e-05,2.8737980755977333e-05,0.0001252910151379183,0.0001312270323978737,0.00011517801613081247
30.0,223,RMP,baseline,0.0011309949913993478,5.4208008805289865e-05,3.92219953937456e-05,0.000448716979008168,0.00017296599980909377,0.0
30.0,223,RMP,optimized,0.0006501309981103987,4.8961941502057016e-05,3.296596696600318e-05,0.00014403399836737663,0.00019094999879598618,0.00012785501894541085
30.0,224,RMP,baseline,0.0010918829939328134,5.107399192638695e-05,4.024698864668608e-05,0.0004422540368977934,0.00016476000018883497,0.0
30.0,224,RMP,optimized,0.0005247539957053959,4.48660139227286e-05,2.8975002351216972e-05,0.00011543701111804694,0.00013239897089079022,0.00011112802894786
30.0,225,RMP,baseline,0.0010257240064674988,5.000102100893855e-05,4.553496546577662e-05,0.000406032006139867,0.0001493010058766231,0.0
30.0,225,RMP,optimized,0.0006150099943624809,4.881402128376067e-05,2.9369999538175762e-05,0.00013193699123803526,0.0001610530016478151,0.00013437999587040395
30.0,226,RMP,baseline,0.001667488002567552,0.00013119197683408856,6.768203456886113e-05,0.0006185620150063187,0.00023939002130646259,0.0
30.0,226,RMP,optimized,0.0005520240083569661,4.623801214620471e-05,2.9115020879544318e-05,0.00013420799223240465,0.00013769202632829547,0.00012115301797166467
30.0,227,RMP,baseline,0.0012960669992025942,5.507699097506702e-05,4.398502642288804e-05,0.0005626159691018984,0.00017706699145492166,0.0
30.0,227,RMP,optimized,0.0007566940039396286,9.006202162709087e-05,4.564502160064876e-05,0.0001887729886220768,0.00017122601275332272,0.00015690199506934732
30.0,228,RMP,baseline,0.0011871809983858839,6.368401227518916e-05,4.503299714997411e-05,0.0004444310179678723,0.0001904059899970889,0.0
30.0,228,RMP,optimized,0.0005592349916696548,4.879597690887749e-05,4.322496533859521e-05,0.000126985993119888,0.00013574602780863643,0.0001183869899250567
30.0,229,RMP,baseline,0.0017945970030268654,0.00011037400690838695,0.00013594600022770464,0.0006489410297945142,0.00027244302327744663,0.0
30.0,229,RMP,optimized,0.0009681989904493093,9.29109810385853e-05,5.018502997700125e-05,0.0002075500087812543,0.00027370499446988106,0.00017220398876816034
30.0,230,RMP,baseline,0.0012450450012693182,4.9228023272007704e-05,3.712296893354505e-05,0.0005748920375481248,0.00016511497960891575,0.0
30.0,230,RMP,optimized,0.0006783400021959096,5.083698488306254e-05,3.180799831170589e-05,0.0001702490117168054,0.00018337702204007655,0.00013315999240148813
30.0,231,RMP,baseline,0.0015479590074392036,8.53369856486097e-05,5.1609022193588316e-05,0.0005700660112779588,0.00026381803036201745,0.0
30.0,231,RMP,optimized,0.0005174989928491414,4.358701698947698e-05,2.6438021450303495e-05,0.00012471398804336786,0.00013184203999117017,0.00011343600635882467
30.0,232,RMP,baseline,0.0009708599973237142,4.707698826678097e-05,3.1822011806070805e-05,0.0003909499937435612,0.00014053999620955437,0.0
30.0,232,RMP,optimized,0.0004904300003545359,4.369002999737859e-05,2.6124980649910867e-05,0.00011191099474672228,0.00012685901310760528,0.00010747498890850693
30.0,233,RMP,baseline,0.001226040010806173,6.884100730530918e-05,4.359599552117288e-05,0.0005180620210012421,0.00017081500845961273,0.0
30.0,233,RMP,optimized,0.0005892960034543648,6.502897304017097e-05,4.7250010538846254e-05,0.00012954998237546533,0.00014007998106535524,0.00011996901594102383
30.0,234,RMP,baseline,0.0009990849939640611,4.73120016977191e-05,4.8627000069245696e-05,0.0003891560190822929,0.00014908496814314276,0.0
30.0,234,RMP,optimized,0.0005255889991531149,4.494602035265416e-05,2.8096983442083e-05,0.00012105997302569449,0.00014558099792338908,0.00011180498404428363
30.0,235,RMP,baseline,0.0017620199942030013,6.036899867467582e-05,0.0002544829767430201,0.0006035450205672532,0.0002712509740376845,0.0
30.0,235,RMP,optimized,0.0005346830002963543,4.65230259578675e-05,2.939898695331067e-05,0.00012496703129727393,0.0001383399503538385,0.00011655200796667486
30.0,236,RMP,baseline,0.0011071779881604016,5.4127012845128775e-05,3.932304389309138e-05,0.0004393339913804084,0.00017270699026994407,0.0
30.0,236,RMP,optimized,0.0006249440048122779,5.018099909648299e-05,2.9278991860337555e-05,0.00013018793833907694,0.0001680719869909808,0.00012000801507383585
30.0,237,RMP,baseline,0.000968825988820754,4.7191992052830756e-05,3.263798134867102e-05,0.00037839103606529534,0.00015749297745060176,0.0
30.0,237,RMP,optimized,0.0005040940013714135,4.401602200232446e-05,2.7548972866497934e-05,0.00011377898044884205,0.0001306070334976539,0.0001070979778887704
30.0,238,RMP,baseline,0.0013878150057280436,6.180601485539228e-05,5.2207979024387896e-05,0.00048611800593789667,0.00022482502390630543,0.0
30.0,238,RMP,optimized,0.0006258989888010547,4.545399860944599e-05,4.349698428995907e-05,0.00015086602070368826,0.00014279401511885226,0.00015364499995484948
30.0,239,RMP,baseline,0.0010092489974340424,4.7734982217662036e-05,3.313399793114513e-05,0.0004108039865968749,0.00014539000403601676,0.0
30.0,239,RMP,optimized,0.0005468419985845685,4.6792993089184165e-05,2.9108981834724545e-05,0.00012462101585697383,0.00015206598618533462,0.00011612098023761064
30.0,240,RMP,baseline,0.0012139129976276308,5.470601900015026e-05,3.9475999074056745e-05,0.00046113702410366386,0.00017660600133240223,0.0
30.0,240,RMP,optimized,0.0005063560092821717,4.383499617688358e-05,2.70830059889704e-05,0.00011974998051300645,0.00012905198673252016,0.00010971497977152467
30.0,241,RMP,baseline,0.0010416369914310053,5.849401350133121e-05,3.5379984183236957e-05,0.0003976079897256568,0.00017765897791832685,0.0
30.0,241,RMP,optimized,0.0006662509986199439,6.017902342136949e-05,4.7958033974282444e-05,0.00013776599371340126,0.00018605301738716662,0.0001251680077984929
30.0,242,RMP,baseline,0.0012930450029671192,5.368101119529456e-05,4.289696516934782e-05,0.0005702959897462279,0.00017676297284197062,0.0
30.0,242,RMP,optimized,0.0005224470078246668,4.43649769295007e-05,2.7559988666325808e-05,0.00012215401511639357,0.00013045799278188497,0.00011765405361074954
30.0,243,RMP,baseline,0.001491980001446791,8.165901817847043e-05,5.6200005928985775e-05,0.0005283640348352492,0.00027125602355226874,0.0
30.0,243,RMP,optimized,0.0006683149986201897,5.938400863669813e-05,4.985598206985742e-05,0.0001500279613537714,0.0001645269658183679,0.0001479550264775753
30.0,244,RMP,baseline,0.0009934850095305592,4.747101047541946e-05,3.3248012186959386e-05,0.00039970100624486804,0.00014428298163693398,0.0
30.0,244,RMP,optimized,0.0006014030077494681,5.9390964452177286e-05,3.0333016184158623e-05,0.0001431280397810042,0.0001440699998056516,0.00013535699690692127
30.0,245,RMP,baseline,0.0011001219972968102,5.8722958783619106e-05,3.457300772424787e-05,0.00039570701483171433,0.000161677977303043,0.0
30.0,245,RMP,optimized,0.0005612679960904643,5.5634984164498746e-05,2.9453978640958667e-05,0.00012511000386439264,0.00014893895422574133,0.00011376703332643956
30.0,246,RMP,baseline,0.001105414004996419,5.161498847883195e-05,3.648499841801822e-05,0.0004431360575836152,0.0001652670034673065,0.0
30.0,246,RMP,optimized,0.00048096899990923703,4.254200030118227e-05,2.5741959689185023e-05,0.00010887294774875045,0.0001254479866474867,0.00010450801346451044
30.0,247,RMP,baseline,0.0010963459935737774,5.88309922022745e-05,3.733499033842236e-05,0.00041156201041303575,0.00017144900630228221,0.0
30.0,247,RMP,optimized,0.0006006569892633706,5.766400136053562e-05,3.1058021704666317e-05,0.00012763201084453613,0.00017506405129097402,0.0001218329998664558
30.0,248,RMP,baseline,0.00094882000121288,4.699100099969655e-05,3.203899541404098e-05,0.0003777200327022001,0.00013839398161508143,0.0
30.0,248,RMP,optimized,0.0005394019972300157,5.9912039432674646e-05,3.966600343119353e-05,0.00011977001850027591,0.00013085502723697573,0.0001129109732573852
30.0,249,RMP,baseline,0.0012004580057691783,8.380398503504694e-05,5.299795884639025e-05,0.0004406509833643213,0.00018654702580533922,0.0
30.0,249,RMP,optimized,0.0005488900060299784,5.7518016546964645e-05,2.902401320170611e-05,0.00012367298768367618,0.00014448999718297273,0.00011729098332580179
30.0,250,RMP,baseline,0.0009963880002032965,4.9251975724473596e-05,4.95949643664062e-05,0.0003925319906556979,0.00014079202082939446,0.0
30.0,250,RMP,optimized,0.0005362040101317689,4.817296576220542e-05,2.6450958102941513e-05,0.00011741099297069013,0.00014413495955523103,0.0001108930300688371
30.0,251,RMP,baseline,0.0012970370007678866,6.823100557085127e-05,4.15370159316808e-05,0.0004631249903468415,0.00022444299247581512,0.0
30.0,251,RMP,optimized,0.0007177410006988794,7.041002390906215e-05,3.468200156930834e-05,0.00014917303633410484,0.00019303802400827408,0.00015641399659216404
30.0,252,RMP,baseline,0.0010270740021951497,4.973799514118582e-05,3.3585019991733134e-05,0.0004118170036235824,0.0001500509970355779,0.0
30.0,252,RMP,optimized,0.0005807210109196603,4.6993998694233596e-05,3.1580973882228136e-05,0.00013087500701658428,0.00016580197552684695,0.00012142096238676459
30.0,253,RMP,baseline,0.0010148760047741234,5.7541983551345766e-05,3.1472984119318426e-05,0.000381443984224461,0.00018094599363394082,0.0
30.0,253,RMP,optimized,0.0005253989947959781,5.394499748945236e-05,2.724801015574485e-05,0.00011342299694661051,0.00013852296979166567,0.0001080579386325553
30.0,254,RMP,baseline,0.0011787950061261654,6.134099385235459e-05,5.340503412298858e-05,0.0004420540208229795,0.000176181027200073,0.0
30.0,254,RMP,optimized,0.0006012950034346431,5.751002754550427e-05,2.933100040536374e-05,0.0001524539984529838,0.00015169904509093612,0.00012245800462551415
30.0,255,RMP,baseline,0.0010974909964716062,6.030201620887965e-05,3.49429901689291e-05,0.0004032170108985156,0.00022738397819921374,0.0
30.0,255,RMP,optimized,0.0005269709945423529,5.283497739583254e-05,2.625798515509814e-05,0.00011553600779734552,0.00013475700689014047,0.00010838297021109611
30.0,256,RMP,baseline,0.0011039040109608322,6.263902469072491e-05,3.6456985981203616e-05,0.00041691798833198845,0.00016977894119918346,0.0
30.0,256,RMP,optimized,0.0005567890038946643,5.657800647895783e-05,2.8619004297070205e-05,0.00012376095401123166,0.00014755703159607947,0.00011710294347722083
30.0,257,RMP,baseline,0.0010453829891048372,5.6384989875368774e-05,3.533996641635895e-05,0.0003982089983765036,0.00015327999426517636,0.0
30.0,257,RMP,optimized,0.0005742780049331486,5.370203871279955e-05,2.8669979656115174e-05,0.00012798099487554282,0.00015115298447199166,0.00011481200635898858
30.0,258,RMP,baseline,0.0016808270011097193,6.406496686395258e-05,4.505898687057197e-05,0.0008709230314707384,0.00019612799223978072,0.0
30.0,258,RMP,optimized,0.0007550989976152778,6.043097528163344e-05,7.895499584265053e-05,0.0001488839479861781,0.00022922198695596308,0.0001405580114806071
30.0,259,RMP,baseline,0.0011283749918220565,6.191202555783093e-05,3.792297502513975e-05,0.00042461098928470165,0.00018162604828830808,0.0
30.0,259,RMP,optimized,0.0006357249949360266,7.900199852883816e-05,3.2131007174029946e-05,0.00013722201401833445,0.0001644589938223362,0.00012318299559410661
30.0,260,RMP,baseline,0.0010331310040783137,6.661699444521219e-05,3.2800977351143956e-05,0.0003940300375688821,0.00015840200649108738,0.0
30.0,260,RMP,optimized,0.0006066670030122623,7.269301568157971e-05,3.285202546976507e-05,0.00013141203089617193,0.0001542989630252123,0.00012063900067005306
30.0,261,RMP,baseline,0.0010670209885574877,5.994703678879887e-05,4.997903306502849e-05,0.00039194501005113125,0.00016176803910639137,0.0
30.0,261,RMP,optimized,0.0005349129933165386,5.427203723229468e-05,2.63339898083359e-05,0.00011961100972257555,0.00014031097816769034,0.00011065998114645481
30.0,262,RMP,baseline,0.0010085729882121086,5.776400212198496e-05,3.247499989811331e-05,0.000388244996429421,0.00016500397759955376,0.0
30.0,262,RMP,optimized,0.0005619250005111098,5.53059799131006e-05,2.85360001726076e-05,0.00012182001955807209,0.00015761500981170684,0.00011642999015748501
30.0,263,RMP,baseline,0.0011591770016821101,8.055097714532167e-05,4.095204349141568e-05,0.0004494439926929772,0.00017912201292347163,0.0
30.0,263,RMP,optimized,0.0007157000072766095,6.812797801103443e-05,5.3782991017214954e-05,0.00015452598745469004,0.00018755299970507622,0.0001414330181432888
30.0,264,RMP,baseline,0.0010931669967249036,6.097900040913373e-05,5.3351017413660884e-05,0.00039653600833844393,0.00017322099301964045,0.0
30.0,264,RMP,optimized,0.0005575010000029579,5.342303484212607e-05,2.7663001674227417e-05,0.0001255879906238988,0.00013922400830779225,0.00011250199167989194
30.0,265,RMP,baseline,0.0011593660019570962,7.178301166277379e-05,3.905796620529145e-05,0.00046574900625273585,0.00017274495621677488,0.0
30.0,265,RMP,optimized,0.0005754400044679642,5.359896749723703e-05,2.9315982828848064e-05,0.00012448799679987133,0.00016876899462658912,0.00011647901555988938
30.0,266,RMP,baseline,0.00115922000259161,5.9460027841851115e-05,3.800699778366834e-05,0.0004660070117097348,0.00018782303959596902,0.0
30.0,266,RMP,optimized,0.0006004759925417602,6.66659907437861e-05,3.079800808336586e-05,0.00013233999197836965,0.00015657598851248622,0.00012656699982471764
30.0,267,RMP,baseline,0.001048289006575942,5.879098898731172e-05,3.5325021599419415e-05,0.00040768698090687394,0.00017289503011852503,0.0
30.0,267,RMP,optimized,0.000516578002134338,5.337003676686436e-05,2.820497320499271e-05,0.0001163540146080777,0.00013700900308322161,0.00010938200284726918
30.0,268,RMP,baseline,0.0011419369984650984,6.540499452967197e-05,3.9741964428685606e-05,0.00043173703306820244,0.00018409099720884115,0.0
30.0,268,RMP,optimized,0.0005754529993282631,5.4661970352754e-05,4.4665022869594395e-05,0.0001368910016026348,0.00014742898929398507,0.00011320201156195253
30.0,269,RMP,baseline,0.0018628399993758649,9.268200665246695e-05,8.983598672784865e-05,0.0006423759914468974,0.00031610198493581265,0.0
30.0,269,RMP,optimized,0.0008373059972655028,0.00013807701179757714,5.624799814540893e-05,0.0001765899796737358,0.00018203299259766936,0.00015940197044983506
30.0,270,RMP,baseline,0.001032868996844627,5.829497240483761e-05,3.4661992685869336e-05,0.0004017750034108758,0.00015980999160092324,0.0
30.0,270,RMP,optimized,0.0005062450072728097,5.2546049118973315e-05,2.6156005333177745e-05,0.00011265800276305526,0.0001345660275546834,0.00010817896691150963
30.0,271,RMP,baseline,0.0011141660070279613,6.43730309093371e-05,3.866500628646463e-05,0.00043798402475658804,0.00017303401546087116,0.0
30.0,271,RMP,optimized,0.0005510600021807477,5.740400229115039e-05,2.7592963306233287e-05,0.00012461298319976777,0.0001472160656703636,0.00011610999354161322
30.0,272,RMP,baseline,0.0009878739947453141,5.613997927866876e-05,3.0534996767528355e-05,0.0003792469797190279,0.00015111701213754714,0.0
30.0,272,RMP,optimized,0.0006225480028660968,6.210101128090173e-05,3.243697574362159e-05,0.00013449900143314153,0.00017170299543067813,0.000129135005408898
30.0,273,RMP,baseline,0.0011466729920357466,6.384104199241847e-05,3.974599530920386e-05,0.0004406000080052763,0.00017587699403520674,0.0
30.0,273,RMP,optimized,0.000529843004187569,5.1260998588986695e-05,3.867097257170826e-05,0.00011393800377845764,0.00014023896073922515,0.00011003803228959441
30.0,274,RMP,baseline,0.0011483909911476076,5.885900463908911e-05,4.309399810153991e-05,0.00045868498273193836,0.00017479498637840152,0.0
30.0,274,RMP,optimized,0.0010518990020500496,0.00011017201177310199,5.8245015679858625e-05,0.0002142899902537465,0.000294404017040506,0.00020215600670780987
30.0,275,RMP,baseline,0.001001661003101617,4.717503907158971e-05,4.3132007704116404e-05,0.00038189497718121856,0.00014506897423416376,0.0
30.0,275,RMP,optimized,0.0005021090037189424,4.415003058966249e-05,2.8031019610352814e-05,0.00011629701475612819,0.0001305799960391596,0.0001106319687096402
30.0,276,RMP,baseline,0.0015915620024316013,7.814503624103963e-05,5.4792966693639755e-05,0.0005968280165689066,0.00025330897187814116,0.0
30.0,276,RMP,optimized,0.0006613629957428202,5.935100489296019e-05,3.255304181948304e-05,0.0001800590252969414,0.00016135399346239865,0.00013663798745255917
30.0,277,RMP,baseline,0.0010431130067445338,5.146100011188537e-05,3.752001794055104e-05,0.0004046999820275232,0.000153720990056172,0.0
30.0,277,RMP,optimized,0.0004994469927623868,4.378001904115081e-05,2.669004607014358e-05,0.00011410801380407065,0.0001283510064240545,0.00010782404569908977
30.0,278,RMP,baseline,0.001214281001011841,6.708901491947472e-05,4.3850974179804325e-05,0.0004577150393743068,0.0002121580037055537,0.0
30.0,278,RMP,optimized,0.000697102994308807,6.274897896219045e-05,4.757900023832917e-05,0.00015260301006492227,0.00019756304391194135,0.00013401699834503233
30.0,279,RMP,baseline,0.0012690120056504384,5.1794995670206845e-05,8.672097465023398e-05,0.0005195610137889162,0.00016781900194473565,0.0
30.0,279,RMP,optimized,0.0005740519991377369,4.797898873221129e-05,2.926701563410461e-05,0.00013279302220325917,0.00014564799494110048,0.00011979100236203521
30.0,280,RMP,baseline,0.0009774970094440505,5.564697494264692e-05,4.087903653271496e-05,0.00038199998380150646,0.0001475379685871303,0.0
30.0,280,RMP,optimized,0.0006048100040061399,5.749399133492261e-05,3.012498200405389e-05,0.0001384930219501257,0.0001542499812785536,0.00012500099546741694
30.0,281,RMP,baseline,0.001156022000941448,5.301096825860441e-05,3.7470992538146675e-05,0.00046673200267832726,0.0001773550029611215,0.0
30.0,281,RMP,optimized,0.0005514660006156191,6.056495476514101e-05,3.1544986995868385e-05,0.00012286900891922414,0.00014265906065702438,0.00011761997302528471
30.0,282,RMP,baseline,0.0010658609971869737,6.462601595558226e-05,3.497397119645029e-05,0.00041166701703332365,0.0001827220112318173,0.0
30.0,282,RMP,optimized,0.0005628829967463389,5.582200537901372e-05,2.8090973501093686e-05,0.00012553999840747565,0.00014239201846066862,0.00011415799963288009
30.0,283,RMP,baseline,0.0009845629974734038,4.6451008529402316e-05,3.2368930988013744e-05,0.0003991019621025771,0.00014417798956856132,0.0
30.0,283,RMP,optimized,0.0005038480012444779,4.325494228396565e-05,3.224200918339193e-05,0.00011441999231465161,0.000128478990518488,0.00010873399151023477
30.0,284,RMP,baseline,0.0011073890054831281,6.047298666089773e-05,4.125793930143118e-05,0.0004431220004335046,0.00016810797387734056,0.0
30.0,284,RMP,optimized,0.0007078469934640452,7.32609914848581e-05,3.6807003198191524e-05,0.0001514879841124639,0.0001851130073191598,0.00014342500071506947
30.0,285,RMP,baseline,0.0010756840056274086,8.223000622820109e-05,4.234604421071708e-05,0.000404350008466281,0.00015463698946405202,0.0
30.0,285,RMP,optimized,0.0005957039975328371,4.755801637656987e-05,3.2486015697941184e-05,0.00012812599015887827,0.00017530200420878828,0.00011977502435911447
30.0,286,RMP,baseline,0.001041901996359229,5.879500531591475e-05,3.322400152683258e-05,0.0004138510412303731,0.0001591329782968387,0.0
30.0,286,RMP,optimized,0.0005468059971462935,5.404395051300526e-05,2.817399217747152e-05,0.0001323359610978514,0.00014311503036879003,0.0001114899932872504
30.0,287,RMP,baseline,0.00111795800330583,5.128601333126426e-05,3.789798938669264e-05,0.00041132798651233315,0.00017779601330403239,0.0
30.0,287,RMP,optimized,0.0005638669972540811,4.934798926115036e-05,2.877799852285534e-05,0.00012409802002366632,0.0001492949522798881,0.00011692001135088503
30.0,288,RMP,baseline,0.0009687689889688045,5.631499516312033e-05,3.063499752897769e-05,0.0003802700521191582,0.00014729502436239272,0.0
30.0,288,RMP,optimized,0.000514184997882694,5.320001218933612e-05,2.6271998649463058e-05,0.00011101197742391378,0.0001362209877697751,0.00010880599438678473
30.0,289,RMP,baseline,0.0015607120003551245,7.261103019118309e-05,0.00018224101222585887,0.0005740899796364829,0.00022545600950252265,0.0
30.0,289,RMP,optimized,0.000634784999419935,5.50490221939981e-05,2.977301483042538e-05,0.00012764899292960763,0.00021784099226351827,0.000116431008791551
30.0,290,RMP,baseline,0.0017527190066175535,7.840098987799138e-05,6.37050106888637e-05,0.0005979850102448836,0.000310433009872213,0.0
30.0,290,RMP,optimized,0.0014520269905915484,0.0002848880394594744,8.136997348628938e-05,0.0002826069976435974,0.0002907079615397379,0.00027325704286340624
30.0,291,RMP,baseline,0.0012074479891452938,7.029398693703115e-05,3.6822952097281814e-05,0.0004547890421235934,0.00019010200048796833,0.0
30.0,291,RMP,optimized,0.0008267939992947504,8.923602581489831e-05,4.609899770002812e-05,0.0001804610074032098,0.00022708297183271497,0.00016348199278581887
30.0,292,RMP,baseline,0.0010759809956653044,5.242304177954793e-05,3.577399183996022e-05,0.0004323220200603828,0.00016091795987449586,0.0
30.0,292,RMP,optimized,0.0005273709975881502,4.844697832595557e-05,2.9162983992137015e-05,0.00011752102000173181,0.00013764102186542004,0.00011084700236096978
30.0,293,RMP,baseline,0.0014080310065764934,7.932199514470994e-05,4.947801062371582e-05,0.0005165120091987774,0.00023673103714827448,0.0
30.0,293,RMP,optimized,0.000871532000019215,8.090097981039435e-05,4.482899385038763e-05,0.00022526799875777215,0.00022275994706433266,0.0001598149974597618
30.0,294,RMP,baseline,0.0010524209938012064,4.960704245604575e-05,3.662001108750701e-05,0.000428655999712646,0.0001546889980090782,0.0
30.0,294,RMP,optimized,0.0005139760032761842,4.4748026994057e-05,2.733900328166783e-05,0.00011558503319974989,0.0001318340073339641,0.00010786998609546572
30.0,295,RMP,baseline,0.0012515470007201657,6.293505430221558e-05,3.7780991988256574e-05,0.0004729859938379377,0.00019896299636457115,0.0
30.0,295,RMP,optimized,0.0007298659911612049,7.277101394720376e-05,3.8529004086740315e-05,0.00017008597205858678,0.00018840098346117884,0.00014581000141333789
30.0,296,RMP,baseline,0.0011583640007302165,6.0286009102128446e-05,6.181096250656992e-05,0.00044532200263347477,0.00017856902559287846,0.0
30.0,296,RMP,optimized,0.0005373720050556585,5.39190077688545e-05,2.6721012545749545e-05,0.00011991402425337583,0.00014424299297388643,0.00011036102660000324
30.0,297,RMP,baseline,0.001441126994905062,7.731399091426283e-05,5.118100671097636e-05,0.0005124379822518677,0.0002384120161877945,0.0
30.0,297,RMP,optimized,0.0010885249939747155,8.47440242068842e-05,5.284797225613147e-05,0.0002833449689205736,0.00028380300500430167,0.0001990810123970732
30.0,298,RMP,baseline,0.0009569349931553006,5.608196079265326e-05,3.069604281336069e-05,0.00036753600579686463,0.00014455299242399633,0.0
30.0,298,RMP,optimized,0.0006834820087533444,6.164399383123964e-05,4.6029992518015206e-05,0.0001444600202376023,0.00019606598652899265,0.00013476898311637342
30.0,299,RMP,baseline,0.0010011460108216852,5.814402538817376e-05,3.481601015664637e-05,0.00039803399704396725,0.00014877099602017552,0.0
30.0,299,RMP,optimized,0.0006074459961382672,5.4823976824991405e-05,3.011499939020723e-05,0.00012697200872935355,0.0001604750141268596,0.000135818962007761
40.0,0,RMP,baseline,0.0010727040062192827,5.1875991630367935e-05,3.538501914590597e-05,0.00042945398308802396,0.00016638898523524404,0.0
40.0,0,RMP,optimized,0.0005990189965814352,4.744903708342463e-05,3.0750976293347776e-05,0.00015377200907096267,0.00014411500887945294,0.0001223530271090567
40.0,1,RMP,baseline,0.0015312250034185126,6.469497748184949e-05,5.431496538221836e-05,0.0005642219912260771,0.0002486329758539796,0.0
40.0,1,RMP,optimized,0.0006947640067664906,5.7687037042342126e-05,7.716800610069185e-05,0.00015517800056841224,0.0001685909810476005,0.00013669001054950058
40.0,2,RMP,baseline,0.0009899750002659857,4.756299313157797e-05,3.479800943750888e-05,0.0003885379992425442,0.00014670698146801442,0.0
40.0,2,RMP,optimized,0.0005757509934483096,4.814895510207862e-05,3.035299596376717e-05,0.00013047296670265496,0.00014192699745763093,0.00013561800005845726
40.0,3,RMP,baseline,0.0010355310078011826,5.0164031563326716e-05,3.5184959415346384e-05,0.00039001498953439295,0.00017050201131496578,0.0
40.0,3,RMP,optimized,0.0005821880040457472,4.663504660129547e-05,2.9493035981431603e-05,0.00012846998288296163,0.00014328901306726038,0.00011376402107998729
40.0,4,RMP,baseline,0.0015048430068418384,5.7055993238464e-05,0.00016493901784997433,0.0005587399791693315,0.00021734295296482742,0.0
40.0,4,RMP,optimized,0.0006387269968399778,4.854996223002672e-05,4.6354063670150936e-05,0.0001687139883870259,0.00014855402696412057,0.00013234898506198078
40.0,5,RMP,baseline,0.0011499599931994453,5.421697278507054e-05,3.872001252602786e-05,0.0004298290441511199,0.0001800150057533756,0.0
40.0,5,RMP,optimized,0.0006961079925531521,4.794298729393631e-05,3.170601848978549e-05,0.0002224670024588704,0.0001667859760345891,0.00012148100358899683
40.0,6,RMP,baseline,0.0011563070002011955,5.027695442549884e-05,5.4712058044970036e-05,0.00048599796718917787,0.0001580499520059675,0.0
40.0,6,RMP,optimized,0.0006081500032451004,4.5643013436347246e-05,3.093104169238359e-05,0.00014212205132935196,0.00014451199967879802,0.00014113001816440374
40.0,7,RMP,baseline,0.002158948002033867,5.76450111111626e-05,4.991795867681503e-05,0.0006287409923970699,0.0003142750065308064,0.0
40.0,7,RMP,optimized,0.0006357629899866879,5.215000419411808e-05,3.680196823552251e-05,0.00014622200978919864,0.00017228699289262295,0.00013009505346417427
40.0,8,RMP,baseline,0.0010685950110200793,5.114500527270138e-05,5.237795994617045e-05,0.00040350099152419716,0.00017537303210701793,0.0
40.0,8,RMP,optimized,0.0005198549915803596,4.42349846707657e-05,2.9028975404798985e-05,0.0001177500089397654,0.00013579301594290882,0.00011114598601125181
40.0,9,RMP,baseline,0.0010544480028329417,4.947498382534832e-05,3.963900962844491e-05,0.0004222209972795099,0.00015223099035210907,0.0
40.0,9,RMP,optimized,0.0005384870019042864,4.3925989302806556e-05,2.921302802860737e-05,0.00012271203740965575,0.00014978299441281706,0.00011546998575795442
40.0,10,RMP,baseline,0.0011703499912982807,5.630801024381071e-05,4.013601574115455e-05,0.00041492600576020777,0.00022871201508678496,0.0
40.0,10,RMP,optimized,0.0005842050013598055,4.6442000893875957e-05,2.9278031433932483e-05,0.00013374799164012074,0.00014513498172163963,0.00013872799172531813
40.0,11,RMP,baseline,0.0010256020032102242,5.3990981541574e-05,3.5706019843928516e-05,0.0004151959583396092,0.00014765500964131206,0.0
40.0,11,RMP,optimized,0.0005476380028994754,4.405996878631413e-05,4.988201544620097e-05,0.00012349906319286674,0.0001338099827989936,0.00011277702287770808
40.0,12,RMP,baseline,0.001042517993482761,4.819400783162564e-05,3.620996722020209e-05,0.0004128450236748904,0.000167828009580262,0.0
40.0,12,RMP,optimized,0.0005438780062831938,4.5908003812655807e-05,2.8910988476127386e-05,0.00012556802539620548,0.0001387990196235478,0.00012035699910484254
40.0,13,RMP,baseline,0.0011129749909741804,5.1311973948031664e-05,3.742698754649609e-05,0.00045146100455895066,0.00017362699145451188,0.0
40.0,13,RMP,optimized,0.0006394670053850859,4.790398816112429e-05,3.3154006814584136e-05,0.00014811998698860407,0.00016917198081500828,0.00013708698679693043
40.0,14,RMP,baseline,0.001083235998521559,4.971795715391636e-05,3.4522992791607976e-05,0.00043358000402804464,0.00015415999223478138,0.0
40.0,14,RMP,optimized,0.0005200899904593825,4.502800584305078e-05,2.8394017135724425e-05,0.00012042501475661993,0.00013257400132715702,0.00011779701162595302
40.0,15,RMP,baseline,0.0012656239996431395,0.00011058799282182008,4.81389433844015e-05,0.0004694580129580572,0.00018333597108721733,0.0
40.0,15,RMP,optimized,0.0006154529983177781,5.186803173273802e-05,3.227898559998721e-05,0.00013677099195774645,0.0001557609939482063,0.0001283080200664699
40.0,16,RMP,baseline,0.001024786994094029,4.817005537915975e-05,4.6486034989356995e-05,0.0004032360011478886,0.00015104195335879922,0.0
40.0,16,RMP,optimized,0.0004997869982616976,4.317204002290964e-05,2.6616049581207335e-05,0.00011272495612502098,0.0001295830006711185,0.00011033199552912265
40.0,17,RMP,baseline,0.0009999339963542297,4.8878006055019796e-05,3.4711003536358476e-05,0.00039292595465667546,0.00014779400953557342,0.0
40.0,17,RMP,optimized,0.0005964839947409928,4.732901288662106e-05,3.465697227511555e-05,0.00013523196685127914,0.00017384694365318865,0.00012415605306159705
40.0,18,RMP,baseline,0.0012352320045465603,5.3391995606943965e-05,4.062500374857336e-05,0.0005383329698815942,0.00016412499826401472,0.0
40.0,18,RMP,optimized,0.0005423719994723797,4.415103467181325e-05,2.821798261720687e-05,0.0001335159904556349,0.00013767597556579858,0.00011640497541520745
40.0,19,RMP,baseline,0.0010406399960629642,5.588900239672512e-05,3.7455974961631e-05,0.0003971299884142354,0.0001715899707050994,0.0
40.0,19,RMP,optimized,0.0009884530009003356,8.14060476841405e-05,8.888202137313783e-05,0.00020617501286324114,0.0002640410093590617,0.00019180898380000144
40.0,20,RMP,baseline,0.0010886600066442043,5.042999691795558e-05,3.553902206476778e-05,0.00039627193473279476,0.00021362600091379136,0.0
40.0,20,RMP,optimized,0.0005202899919822812,4.333599645178765e-05,2.70169839495793e-05,0.00011854799231514335,0.00012956497084815055,0.00012321902613621205
40.0,21,RMP,baseline,0.0011375709873391315,5.413900362327695e-05,3.979096072725952e-05,0.0004442970239324495,0.00016036404122132808,0.0
40.0,21,RMP,optimized,0.0005597329873126,4.478199116420001e-05,2.8026013751514256e-05,0.00012289795267861336,0.0001506240078015253,0.00011616300616879016
40.0,22,RMP,baseline,0.0009400619892403483,4.678903496824205e-05,2.950294583570212e-05,0.00037034001434221864,0.00013736600521951914,0.0
40.0,22,RMP,optimized,0.0005163030000403523,4.4267013436183333e-05,2.6848007109947503e-05,0.00011291303962934762,0.00013145801494829357,0.00010914601443801075
40.0,23,RMP,baseline,0.0010075890022562817,4.898801853414625e-05,3.6025012377649546e-05,0.00040259202069137245,0.00014536402886733413,0.0
40.0,23,RMP,optimized,0.0005330359999788925,4.327498027123511e-05,3.989401739090681e-05,0.00012194800365250558,0.00013241298438515514,0.00011244403140153736
40.0,24,RMP,baseline,0.001059843008988537,5.197500286158174e-05,5.2680959925055504e-05,0.00041485500696580857,0.00014875900524202734,0.0
40.0,24,RMP,optimized,0.0005028859886806458,4.376897413749248e-05,2.7879010303877294e-05,0.00011907597945537418,0.0001293870445806533,0.00011041901598218828
40.0,25,RMP,baseline,0.00107622699579224,4.759692819789052e-05,4.387000808492303e-05,0.0004094019968761131,0.0001580049574840814,0.0
40.0,25,RMP,optimized,0.0005604629986919463,4.7227018512785435e-05,2.8965980163775384e-05,0.0001321349700447172,0.00014318199828267097,0.0001208699686685577
40.0,26,RMP,baseline,0.0010280839924234897,4.900402564089745e-05,3.5702018067240715e-05,0.0004018960316898301,0.0001637250097701326,0.0
40.0,26,RMP,optimized,0.0005214740085648373,4.502203955780715e-05,2.787602716125548e-05,0.00012033797975163907,0.00013224301801528782,0.00011080900731030852
40.0,27,RMP,baseline,0.0010224769939668477,4.879296466242522e-05,3.303197445347905e-05,0.0004071839794050902,0.00014307598758023232,0.0
40.0,27,RMP,optimized,0.0005094539956189692,4.298695421312004e-05,2.7564994525164366e-05,0.00011671698302961886,0.00013106301776133478,0.00011122904834337533
40.0,28,RMP,baseline,0.00101003899180796,4.9220980145037174e-05,3.438298881519586e-05,0.0004062300140503794,0.00014637499407399446,0.0
40.0,28,RMP,optimized,0.0005505680019268766,4.511300357989967e-05,3.612198634073138e-05,0.00012212801084388047,0.0001388030214002356,0.0001267050247406587
40.0,29,RMP,baseline,0.001122144007240422,5.3426032536663115e-05,3.75760137103498e-05,0.00043515303696040064,0.00015168098616413772,0.0
40.0,29,RMP,optimized,0.0007957090128911659,5.213299300521612e-05,3.747201117221266e-05,0.00022930296836420894,0.0001841329940361902,0.00018552200344856828
40.0,30,RMP,baseline,0.0011156200052937493,5.350599531084299e-05,3.66460153600201e-05,0.000443623008322902,0.00016330499784089625,0.0
40.0,30,RMP,optimized,0.0005121630092617124,4.3819964048452675e-05,2.644698543008417e-05,0.00011706202349159867,0.00012903494643978775,0.00011954699584748596
40.0,31,RMP,baseline,0.0010385139903519303,5.1109964260831475e-05,5.363300442695618e-05,0.00040060997707769275,0.00015849601186346263,0.0
40.0,31,RMP,optimized,0.0005254669958958402,4.497793270274997e-05,2.7297966880723834e-05,0.00012237101327627897,0.00013535402831621468,0.00011284097854513675
40.0,32,RMP,baseline,0.0010624570131767541,7.039298361632973e-05,3.830599598586559e-05,0.00041095602500718087,0.00015982799232006073,0.0
40.0,32,RMP,optimized,0.0005603040044661611,4.377796722110361e-05,4.179604002274573e-05,0.0001243040314875543,0.00013771801604889333,0.00013245802256278694
40.0,33,RMP,baseline,0.0010373669938417152,4.842499038204551e-05,3.382199793122709e-05,0.0004009449912700802,0.0001472839794587344,0.0
40.0,33,RMP,optimized,0.0005833449977217242,5.6563018006272614e-05,3.8974976632744074e-05,0.00013748701894655824,0.00014226498024072498,0.00012146895460318774
40.0,34,RMP,baseline,0.0017535660008434206,7.033701695036143e-05,0.00010367497452534735,0.0005707819509552792,0.0002990260109072551,0.0
40.0,34,RMP,optimized,0.001169520997791551,9.592097194399685e-05,5.7196986745111644e-05,0.00024814202333800495,0.0003878530114889145,0.00023031204182188958
40.0,35,RMP,baseline,0.0010187729931203648,4.9825015594251454e-05,3.5246979678049684e-05,0.0004100539954379201,0.00014713701966684312,0.0
40.0,35,RMP,optimized,0.0004974830080755055,4.3042979086749256e-05,2.535598468966782e-05,0.00011390903091523796,0.0001312569947913289,0.00010678598482627422
40.0,36,RMP,baseline,0.001539827004307881,6.586904055438936e-05,5.398299254011363e-05,0.0006305949646048248,0.00024911701621022075,0.0
40.0,36,RMP,optimized,0.0006093370029702783,4.8954025260172784e-05,3.3463016734458506e-05,0.00014674801786895841,0.0001535580086056143,0.0001309369836235419
40.0,37,RMP,baseline,0.0020090420002816245,8.132298535201699e-05,7.074295717757195e-05,0.0006090360111556947,0.00045306302490644157,0.0
40.0,37,RMP,optimized,0.0009618309995857999,9.066698839887977e-05,4.958601493854076e-05,0.00022474098659586161,0.0002783429517876357,0.00017484501586295664
40.0,38,RMP,baseline,0.0010391550022177398,5.1180002628825605e-05,3.415600804146379e-05,0.0004009569820482284,0.00014799200289417058,0.0
40.0,38,RMP,optimized,0.0006715519994031638,4.881703353021294e-05,4.072599404025823e-05,0.00013938997290097177,0.00022178197104949504,0.00012729001173283905
40.0,39,RMP,baseline,0.0018264840036863461,8.118496043607593e-05,6.0591992223635316e-05,0.0006537709996337071,0.0004186669975752011,0.0
40.0,39,RMP,optimized,0.0008436410134891048,8.051398617681116e-05,4.615700163412839e-05,0.0002301560016348958,0.00020821098587475717,0.00015585997607558966
40.0,40,RMP,baseline,0.0010106060071848333,4.726699262391776e-05,4.797198926098645e-05,0.0004014809965156019,0.00014604802709072828,0.0
40.0,40,RMP,optimized,0.0005242190090939403,4.339798761066049e-05,2.660503378137946e-05,0.00011855103366542608,0.0001314179680775851,0.00012710796727333218
40.0,41,RMP,baseline,0.0016321849980158731,7.45020224712789e-05,7.676603854633868e-05,0.0005790590075775981,0.00037200303631834686,0.0
40.0,41,RMP,optimized,0.000640709011349827,4.954499308951199e-05,3.1364994356408715e-05,0.0001454139855923131,0.00016774999676272273,0.0001329919759882614
40.0,42,RMP,baseline,0.0010877059976337478,5.008498555980623e-05,3.511898103170097e-05,0.0004365260247141123,0.00015788401651661843,0.0
40.0,42,RMP,optimized,0.0005392509920056909,4.332498065195978e-05,2.727894752752036e-05,0.00012308299483265728,0.00013720302376896143,0.00011279500904493034
40.0,43,RMP,baseline,0.0009670090075815096,4.7308014472946525e-05,3.172998549416661e-05,0.00038730804226361215,0.0001394769933540374,0.0
40.0,43,RMP,optimized,0.0005860620003659278,4.422801430337131e-05,4.015796002931893e-05,0.00012006296310573816,0.00013418197340797633,0.00014320701302494854
40.0,44,RMP,baseline,0.0014494189963443205,6.256697815842927e-05,7.893804286140949e-05,0.0006099330057622865,0.00021924200700595975,0.0
40.0,44,RMP,optimized,0.0006662089872406796,5.1498980610631406e-05,3.530902904458344e-05,0.0001769860100466758,0.00015345303108915687,0.00014326997916214168
40.0,45,RMP,baseline,0.001107458010665141,4.9672016757540405e-05,9.800303087104112e-05,0.00041032698936760426,0.00015721602539997548,0.0
40.0,45,RMP,optimized,0.0005186740017961711,4.4710017391480505e-05,2.7166970539838076e-05,0.00011691698455251753,0.0001354400155832991,0.00011691800318658352
40.0,46,RMP,baseline,0.002143664998584427,6.826198659837246e-05,8.37219413369894e-05,0.0009005300235003233,0.0002749800041783601,0.0
40.0,46,RMP,optimized,0.0008889849996194243,7.673504296690226e-05,7.626703882124275e-05,0.00017994295922107995,0.00017849697906058282,0.00017153701628558338
40.0,47,RMP,baseline,0.0010231210035271943,5.501300620380789e-05,3.362397546879947e-05,0.0004074640164617449,0.0001490229624323547,0.0
40.0,47,RMP,optimized,0.000556055994820781,4.528800491243601e-05,2.8973983717150986e-05,0.00013960099022369832,0.00013931101420894265,0.00011982899741269648
40.0,48,RMP,baseline,0.0009991739934775978,5.111996142659336e-05,3.6456011002883315e-05,0.0003880219883285463,0.00014685600763186812,0.0
40.0,48,RMP,optimized,0.0005440099921543151,4.220099071972072e-05,2.5087007088586688e-05,0.00011559402628336102,0.00013387500075623393,0.00011013599578291178
40.0,49,RMP,baseline,0.0010549919970799237,4.876301682088524e-05,3.933798871003091e-05,0.00041512698226142675,0.00015438599803019315,0.0
40.0,49,RMP,optimized,0.0006470319931395352,4.7833018470555544e-05,4.491501022130251e-05,0.0001652619830565527,0.0001609490718692541,0.0001369829842587933
40.0,50,RMP,baseline,0.001003551995381713,5.0512986490502954e-05,4.4306027120910585e-05,0.00039575899427291006,0.00014142997679300606,0.0
40.0,50,RMP,optimized,0.0005424039991339669,4.651001654565334e-05,2.9583010473288596e-05,0.00012463898747228086,0.00013804604532197118,0.00011676504800561816
40.0,51,RMP,baseline,0.0020130720076849684,0.00011830702715087682,6.346100417431444e-05,0.0008675840363139287,0.00036962803278584033,0.0
40.0,51,RMP,optimized,0.0006026350019965321,4.7398018068633974e-05,2.9670976800844073e-05,0.00014833803288638592,0.0001493669842602685,0.0001318340073339641
40.0,52,RMP,baseline,0.0009920909942593426,4.738497955258936e-05,3.2373020076192915e-05,0.00040224898839369416,0.0001513809838797897,0.0
40.0,52,RMP,optimized,0.00051328499102965,4.291595541872084e-05,2.5548957637511194e-05,0.00011388097482267767,0.00013006299559492618,0.00010939901403617114
40.0,53,RMP,baseline,0.0012790199980372563,5.499999679159373e-05,4.129399894736707e-05,0.0005774129967903718,0.00017162402218673378,0.0
40.0,53,RMP,optimized,0.0005283850041450933,4.393800918478519e-05,2.718200266826898e-05,0.0001279879652429372,0.0001338430301984772,0.000114186987048015
40.0,54,RMP,baseline,0.0009860760037554428,4.774403350893408e-05,3.28820024151355e-05,0.0003909869701601565,0.00014453899348154664,0.0
40.0,54,RMP,optimized,0.000548190000699833,4.605897993315011e-05,2.792199666146189e-05,0.00012851299834437668,0.000147011989611201,0.0001161030086223036
40.0,55,RMP,baseline,0.0011771269928431138,5.8194040320813656e-05,3.6978963180445135e-05,0.000508130993694067,0.00015523993351962417,0.0
40.0,55,RMP,optimized,0.0005340240022633225,4.3306004954501987e-05,2.628497895784676e-05,0.00013544497778639197,0.0001341680035693571,0.00010999501682817936
40.0,56,RMP,baseline,0.0011092440108768642,4.913898010272533e-05,3.646397090051323e-05,0.0004379790188977495,0.00016116397455334663,0.0
40.0,56,RMP,optimized,0.0006213009910425171,4.4813030399382114e-05,2.930301707237959e-05,0.00015045198961161077,0.00014701698091812432,0.00015234597958624363
40.0,57,RMP,baseline,0.0010394239943707362,4.717295814771205e-05,3.484798071440309e-05,0.00041168903408106416,0.00014627802011091262,0.0
40.0,57,RMP,optimized,0.0005629120132653043,4.881195491179824e-05,2.9452028684318066e-05,0.0001438430044800043,0.00013709998165722936,0.00012039003195241094
40.0,58,RMP,baseline,0.0011066639999626204,5.253599374555051e-05,4.079198697581887e-05,0.000465987017378211,0.00015692900342401117,0.0
40.0,58,RMP,optimized,0.0005276580050121993,4.321096639614552e-05,2.5830959202721715e-05,0.00012131300172768533,0.00013781104644294828,0.00011826399713754654
40.0,59,RMP,baseline,0.0010857189918169752,5.03399787703529e-05,3.9035992813296616e-05,0.00044433900620788336,0.00015267296112142503,0.0
40.0,59,RMP,optimized,0.0005875280039617792,4.540098598226905e-05,3.1889998354017735e-05,0.0001393340207869187,0.0001436440070392564,0.0001218730176333338
40.0,60,RMP,baseline,0.0010422960040159523,5.106999014969915e-05,5.246500950306654e-05,0.0004175819776719436,0.00015088397776708007,0.0
40.0,60,RMP,optimized,0.0005847169959452003,4.355600685812533e-05,2.8281996492296457e-05,0.00014776797615922987,0.0001543789985589683,0.00012277599307708442
40.0,61,RMP,baseline,0.001088098986656405,5.302802310325205e-05,3.773997013922781e-05,0.00044333297410048544,0.00015374198846984655,0.0
40.0,61,RMP,optimized,0.0006906360067659989,4.6677974751219153e-05,3.2383017241954803e-05,0.00022128001728560776,0.00016195102944038808,0.00013580299855675548
40.0,62,RMP,baseline,0.0009895870025502518,4.861300112679601e-05,3.2190990168601274e-05,0.00039414502680301666,0.00014408500283025205,0.0
40.0,62,RMP,optimized,0.0013252829958219081,0.00018755104974843562,8.605800394434482e-05,0.00033787399297580123,0.0003153020079480484,0.00024655094603076577
40.0,63,RMP,baseline,0.0010509089916013181,4.965897824149579e-05,3.545402432791889e-05,0.00040394401003140956,0.00016642197442706674,0.0
40.0,63,RMP,optimized,0.0005429370066849515,4.595100472215563e-05,2.8668015147559345e-05,0.0001202489947900176,0.00013635997311212122,0.00011290397378616035
40.0,64,RMP,baseline,0.0010139809892280027,4.894396988674998e-05,4.7909983550198376e-05,0.0003984290233347565,0.00014762202044948936,0.0
40.0,64,RMP,optimized,0.0005846490093972534,4.5918975956737995e-05,3.9399994420818985e-05,0.00013037405733484775,0.00014291204570326954,0.00013606900756713003
40.0,65,RMP,baseline,0.0010903059883276,5.045499710831791e-05,4.069998976774514e-05,0.0004482769581954926,0.00015894796524662524,0.0
40.0,65,RMP,optimized,0.000518371001817286,4.4057975173927844e-05,2.7547997888177633e-05,0.0001170619361801073,0.00013182798284105957,0.00012070899538230151
40.0,66,RMP,baseline,0.0014557149988831952,6.337600643746555e-05,5.4301999625749886e-05,0.00055235497711692,0.0002579629945103079,0.0
40.0,66,RMP,optimized,0.0007936040055938065,6.896101695019752e-05,4.365001223050058e-05,0.0001751100062392652,0.00022130398428998888,0.00015658503980375826
40.0,67,RMP,baseline,0.001010103995213285,4.874200385529548e-05,3.3809992601163685e-05,0.0003907389909727499,0.00015813297068234533,0.0
40.0,67,RMP,optimized,0.0006208410050021484,4.523701500147581e-05,2.9462011298164725e-05,0.00014592896332032979,0.00014412797463592142,0.0001493220479460433
40.0,68,RMP,baseline,0.002207219004048966,0.0001368300145259127,8.332898141816258e-05,0.0007183310081018135,0.000481469978694804,0.0
40.0,68,RMP,optimized,0.0006459419964812696,4.8285030061379075e-05,3.980698238592595e-05,0.00014791596913710237,0.00014884196571074426,0.00012966900249011815
40.0,69,RMP,baseline,0.0010598630033200607,5.835303454659879e-05,3.674499748740345e-05,0.0004075440374435857,0.0001693030062597245,0.0
40.0,69,RMP,optimized,0.0005406419950304553,4.453302244655788e-05,2.7762012905441225e-05,0.00013430499529931694,0.00014032100443728268,0.00011333898873999715
40.0,70,RMP,baseline,0.001688952004769817,7.737198029644787e-05,6.716200732626021e-05,0.0005957019748166203,0.00027282402152195573,0.0
40.0,70,RMP,optimized,0.0005573939997702837,4.721102595794946e-05,2.901902189478278e-05,0.00013374097761698067,0.0001405880320817232,0.00012188398977741599
40.0,71,RMP,baseline,0.0018838849937310442,8.991698268800974e-05,6.562599446624517e-05,0.0007145480194594711,0.000396523013478145,0.0
40.0,71,RMP,optimized,0.0006181729986565188,4.661901039071381e-05,3.10539617203176e-05,0.0001407000090694055,0.00017958601529244334,0.0001304920151596889
40.0,72,RMP,baseline,0.0010584749979898334,6.786205631215125e-05,3.690399171318859e-05,0.0004154759953962639,0.00015297901700250804,0.0
40.0,72,RMP,optimized,0.0005172710079932585,4.444702062755823e-05,2.756799221970141e-05,0.00011900097888428718,0.000133971989271231,0.00011098000686615705
40.0,73,RMP,baseline,0.0013731229992117733,5.646100908052176e-05,5.212001269683242e-05,0.0005848209548275918,0.00019126794359181076,0.0
40.0,73,RMP,optimized,0.000522984002600424,4.452002758625895e-05,2.76480132015422e-05,0.0001226370077347383,0.00013337002019397914,0.00011638796422630548
40.0,74,RMP,baseline,0.0010230699990643188,4.796199209522456e-05,3.1130999559536576e-05,0.0004201469855615869,0.00014825598918832839,0.0
40.0,74,RMP,optimized,0.000587271002586931,4.7834968427196145e-05,3.6521043512038887e-05,0.00013290198694448918,0.00016158002836164087,0.00012958701699972153
40.0,75,RMP,baseline,0.0013653220084961504,5.907300510443747e-05,4.9237001803703606e-05,0.0005766220128862187,0.00019623097614385188,0.0
40.0,75,RMP,optimized,0.000735068999347277,4.672200884670019e-05,2.958395634777844e-05,0.0001481799699831754,0.0001531309972051531,0.00018825396546162665
40.0,76,RMP,baseline,0.0017816789913922548,7.34499772079289e-05,6.538799789268523e-05,0.0005578629788942635,0.00029454901232384145,0.0
40.0,76,RMP,optimized,0.0027481400029500946,0.00015551903925370425,0.00016672801575623453,0.000553629026398994,0.0006896999984746799,0.00044891204743180424
40.0,77,RMP,baseline,0.0014922190021025017,7.076199108269066e-05,5.2704999689012766e-05,0.0005505859880940989,0.00027502398006618023,0.0
40.0,77,RMP,optimized,0.0008534759981557727,5.856699135620147e-05,3.637596091721207e-05,0.0001867789978859946,0.00028782796289306134,0.00016341301670763642
40.0,78,RMP,baseline,0.0010628449963405728,5.127601616550237e-05,3.4163022064603865e-05,0.00042059201223310083,0.0001598950184416026,0.0
40.0,78,RMP,optimized,0.0006067060021450743,4.7766006900928915e-05,3.1158997444435954e-05,0.00013275303354021162,0.00014965901209507138,0.0001547720021335408
40.0,79,RMP,baseline,0.0013800110027659684,7.19820091035217e-05,5.178000719752163e-05,0.0005081729905214161,0.0002393830072833225,0.0
40.0,79,RMP,optimized,0.0006232050072867423,4.807102959603071e-05,4.0677012293599546e-05,0.00014344796363729984,0.00014956200902815908,0.00013128598220646381
40.0,80,RMP,baseline,0.0011316909949528053,5.533102375920862e-05,3.5084987757727504e-05,0.00044200698903296143,0.0001593619817867875,0.0
40.0,80,RMP,optimized,0.0005979620036669075,4.7335008275695145e-05,3.075199492741376e-05,0.00013549497816711664,0.00014999997802078724,0.00014353299047797918
40.0,81,RMP,baseline,0.0010621240071486682,5.1337992772459984e-05,3.5716977436095476e-05,0.0004364449850982055,0.00015147001249715686,0.0
40.0,81,RMP,optimized,0.0005428010044852272,5.1131981308571994e-05,2.848502481356263e-05,0.00012012504157610238,0.0001414450234733522,0.00011747798998840153
40.0,82,RMP,baseline,0.0012475800031097606,6.547402881551534e-05,3.923503390979022e-05,0.00044446298852562904,0.00018810499750543386,0.0
40.0,82,RMP,optimized,0.0005641770112561062,5.6208024034276605e-05,2.8652051696553826e-05,0.00012979299935977906,0.00014807298430241644,0.0001197090168716386
40.0,83,RMP,baseline,0.001082260991097428,5.520797276403755e-05,5.092700303066522e-05,0.0004253699880791828,0.00015515302948188037,0.0
40.0,83,RMP,optimized,0.000539462998858653,4.80140297440812e-05,2.9750008252449334e-05,0.00012598598550539464,0.00013968096754979342,0.0001170990290120244
40.0,84,RMP,baseline,0.0011124849988846108,6.138300523161888e-05,4.12330700783059e-05,0.0004394830175442621,0.0001704999740468338,0.0
40.0,84,RMP,optimized,0.0006217319896677509,6.198804476298392e-05,3.802901483140886e-05,0.00013458602188620716,0.00016077299369499087,0.00014054399798624218
40.0,85,RMP,baseline,0.001124217000324279,5.573999078478664e-05,4.395100404508412e-05,0.00044672498188447207,0.00016363603936042637,0.0
40.0,85,RMP,optimized,0.0006868180062156171,4.511898441705853e-05,2.7194968424737453e-05,0.00015075402916409075,0.00015768194862175733,0.00015390296175610274
40.0,86,RMP,baseline,0.0010462339996593073,6.450297951232642e-05,3.5617005778476596e-05,0.00040450197411701083,0.00016087402764242142,0.0
40.0,86,RMP,optimized,0.0006200640054885298,5.918901297263801e-05,3.216102777514607e-05,0.00015365601575467736,0.00016213901108130813,0.0001295439578825608
40.0,87,RMP,baseline,0.0010261589923175052,5.05850330227986e-05,3.3904987503774464e-05,0.00040745901060290635,0.00014745102089364082,0.0
40.0,87,RMP,optimized,0.0008355350000783801,5.559297278523445e-05,4.107198037672788e-05,0.00021741402451880276,0.00020213999960105866,0.00016018195310607553
40.0,88,RMP,baseline,0.0013438359892461449,6.875999679323286e-05,4.491997242439538e-05,0.0004923540545860305,0.0002108700282406062,0.0
40.0,88,RMP,optimized,0.0005918569950154051,5.9488986153155565e-05,3.162896609865129e-05,0.00013061295612715185,0.00015682999219279736,0.0001227690081577748
40.0,89,RMP,baseline,0.0012725840060738847,6.212598236743361e-05,6.8439039750956e-05,0.0004935580072924495,0.0002030110190389678,0.0
40.0,89,RMP,optimized,0.000567426992347464,4.640498082153499e-05,3.6066019674763083e-05,0.0001333099789917469,0.00014420298975892365,0.00012317599612288177
40.0,90,RMP,baseline,0.001156022000941448,6.458599818870425e-05,4.9224006943404675e-05,0.0004506140248849988,0.00017637794371694326,0.0
40.0,90,RMP,optimized,0.0010908759868470952,6.765199941582978e-05,4.799800808541477e-05,0.0004449909902177751,0.0002517270186217502,0.0001567749714013189
40.0,91,RMP,baseline,0.0010717889963416383,5.2126983064226806e-05,3.3344971598125994e-05,0.00043195096077397466,0.00015796902880538255,0.0
40.0,91,RMP,optimized,0.0005897069931961596,4.964799154549837e-05,2.9677976272068918e-05,0.00012514000991359353,0.0001546509884065017,0.00012086900824215263
40.0,92,RMP,baseline,0.0011106970050605014,6.133603164926171e-05,3.6590994568541646e-05,0.0004330930096330121,0.0001665599993430078,0.0
40.0,92,RMP,optimized,0.0005706240044673905,5.738700565416366e-05,2.921202394645661e-05,0.00012857100227847695,0.0001521740050520748,0.00012130101094953716
40.0,93,RMP,baseline,0.0011756790045183152,5.071099440101534e-05,3.7160993088036776e-05,0.0005066160229034722,0.0001630540209589526,0.0
40.0,93,RMP,optimized,0.0006213830056367442,5.5348966270685196e-05,3.208000271115452e-05,0.00013327697524800897,0.00018280898802913725,0.0001283319725189358
40.0,94,RMP,baseline,0.0013715800014324486,6.35039759799838e-05,4.150600580032915e-05,0.0006177189497975633,0.0001908590056700632,0.0
40.0,94,RMP,optimized,0.0006346629961626604,5.818399949930608e-05,6.353997741825879e-05,0.00013293202209752053,0.00015680797514505684,0.00013058401236776263
40.0,95,RMP,baseline,0.0030537980055669323,9.951501851901412e-05,0.00018965000344906002,0.001370839003357105,0.0005697529995813966,0.0
40.0,95,RMP,optimized,0.0012388140021357685,6.751800538040698e-05,6.26570254098624e-05,0.0002941089915111661,0.00038466199475806206,0.00022495798475574702
40.0,96,RMP,baseline,0.0014023380063008517,6.932699761819094e-05,5.9425015933811665e-05,0.0005801450315630063,0.00019930003327317536,0.0
40.0,96,RMP,optimized,0.0006161079945741221,6.104196654632688e-05,3.108300734311342e-05,0.0001460979983676225,0.00015580496983602643,0.00013188902812544256
40.0,97,RMP,baseline,0.0011191529920324683,5.555697134695947e-05,3.944897616747767e-05,0.000428404935519211,0.0001837990275816992,0.0
40.0,97,RMP,optimized,0.0005963060102658346,4.7182998969219625e-05,4.379905294626951e-05,0.00013155603664927185,0.0001525619882158935,0.00013174900959711522
40.0,98,RMP,baseline,0.0011505949951242656,6.262896931730211e-05,3.9113001548685133e-05,0.0004642060084734112,0.00017294597637373954,0.0
40.0,98,RMP,optimized,0.0007265860040206462,5.9380006860010326e-05,5.0457019824534655e-05,0.00014771697169635445,0.00022894897847436368,0.00014087599993217736
40.0,99,RMP,baseline,0.0009569029934937134,4.7252047806978226e-05,3.16019868478179e-05,0.00038265102193690836,0.0001382520276820287,0.0
40.0,99,RMP,optimized,0.0005831219896208495,4.5751992729492486e-05,2.922398562077433e-05,0.00012335603241808712,0.00014164097956381738,0.00011673897097352892
40.0,100,RMP,baseline,0.001336663990514353,6.59539655316621e-05,4.745098704006523e-05,0.0005480699910549447,0.00018805799481924623,0.0
40.0,100,RMP,optimized,0.0006627870025113225,5.866297578904778e-05,3.2174051739275455e-05,0.0001746760099194944,0.00017071304318960756,0.00013028498506173491
40.0,101,RMP,baseline,0.00147422899317462,6.731606845278293e-05,0.00012206201790831983,0.0005387479905039072,0.0002295550366397947,0.0
40.0,101,RMP,optimized,0.0009196680039167404,6.344099529087543e-05,4.31230291724205e-05,0.0002214130072388798,0.00024980698071885854,0.0001708760391920805
40.0,102,RMP,baseline,0.0010773759859148413,6.12809817539528e-05,3.5441029467619956e-05,0.0004207139718346298,0.00016474697622470558,0.0
40.0,102,RMP,optimized,0.0005102969880681485,5.211900861468166e-05,2.5865985662676394e-05,0.00011243298649787903,0.00013562603271566331,0.00010832601401489228
40.0,103,RMP,baseline,0.0011280329927103594,5.122100992593914e-05,3.7079997127875686e-05,0.00045374297769740224,0.00016162096289917827,0.0
40.0,103,RMP,optimized,0.0005259359895717353,4.651298513635993e-05,2.8310983907431364e-05,0.00012107797374483198,0.00013621502148453146,0.00011590695066843182
40.0,104,RMP,baseline,0.001910881997901015,5.8277990319766104e-05,5.124899325892329e-05,0.0007912210130598396,0.00020514005154836923,0.0
40.0,104,RMP,optimized,0.000992973000393249,6.639605271629989e-05,4.107502172701061e-05,0.0002856739884009585,0.00019841600442305207,0.0002267780073452741
40.0,105,RMP,baseline,0.0010391869873274118,5.0592992920428514e-05,3.49330366589129e-05,0.00040043002809397876,0.00015449700003955513,0.0
40.0,105,RMP,optimized,0.0005424940027296543,4.421500489115715e-05,2.9418006306514144e-05,0.00012010098726022989,0.0001520839869044721,0.00011572598305065185
40.0,106,RMP,baseline,0.0015057739947224036,6.531803228426725e-05,4.6128989197313786e-05,0.0005315219750627875,0.0002928500034613535,0.0
40.0,106,RMP,optimized,0.0011359640047885478,0.0001227979955729097,4.365999484434724e-05,0.00019696602248586714,0.00024810200557112694,0.0002504689764464274
40.0,107,RMP,baseline,0.0010148150031454861,4.9627997213974595e-05,3.498299338389188e-05,0.0003953869891120121,0.00016426300862804055,0.0
40.0,107,RMP,optimized,0.0005492320051416755,4.469499981496483e-05,3.023103636223823e-05,0.00012329296441748738,0.00014229700900614262,0.00011725396325346082
40.0,108,RMP,baseline,0.0014193759998306632,6.625201785936952e-05,5.186100315768272e-05,0.0005399390356615186,0.0002359180070925504,0.0
40.0,108,RMP,optimized,0.000571297001442872,4.9440001021139324e-05,3.0902985599823296e-05,0.00013630201283376664,0.0001486460241721943,0.00012162499479018152
40.0,109,RMP,baseline,0.0021908130001975223,0.00010264400043524802,0.00013070000568404794,0.0007835159922251478,0.00030433495703618973,0.0
40.0,109,RMP,optimized,0.0009751339966896921,6.28540146863088e-05,3.882299643009901e-05,0.000182488962309435,0.00038797897286713123,0.00015476798580493778
40.0,110,RMP,baseline,0.0009565009968355298,4.6618981286883354e-05,3.2369018299505115e-05,0.0003704229893628508,0.00014071696205064654,0.0
40.0,110,RMP,optimized,0.000653144990792498,6.0549049521796405e-05,3.398502303753048e-05,0.00013445397780742496,0.00019265999435447156,0.00013929899432696402
40.0,111,RMP,baseline,0.0011951939959544688,5.219299055170268e-05,4.689900379162282e-05,0.00047100796655286103,0.0001657160319155082,0.0
40.0,111,RMP,optimized,0.0005407300050137565,4.645604349207133e-05,2.7588990633375943e-05,0.00012427700858097523,0.00014065299183130264,0.00011764296505134553
40.0,112,RMP,baseline,0.0028384650067891926,0.00014683202607557178,0.00010989305155817419,0.0010635499784257263,0.0005865609855391085,0.0
40.0,112,RMP,optimized,0.0011706569930538535,7.914598973002285e-05,5.9363985201343894e-05,0.00027054698148276657,0.00034537499595899135,0.0002403279795544222
40.0,113,RMP,baseline,0.0011904099956154823,5.124998278915882e-05,3.818397817667574e-05,0.00047971798630896956,0.00018160304171033204,0.0
40.0,113,RMP,optimized,0.0005097270041005686,4.361901665106416e-05,2.8503985959105194e-05,0.00011761300265789032,0.0001340399612672627,0.00011182999878656119
40.0,114,RMP,baseline,0.0021506909979507327,9.327504085376859e-05,8.824201358947903e-05,0.0007981230155564845,0.00035866400867234915,0.0
40.0,114,RMP,optimized,0.0015993289998732507,0.00010942301014438272,9.814002260100096e-05,0.00036131293745711446,0.00038320402381941676,0.00033613502455409616
40.0,115,RMP,baseline,0.0010455829906277359,5.038001108914614e-05,3.5747012589126825e-05,0.0004020189808215946,0.0001545659761177376,0.0
40.0,115,RMP,optimized,0.0005441940011223778,4.4725966290570796e-05,2.772703010123223e-05,0.0001293989917030558,0.00013840803876519203,0.000118051961180754
40.0,116,RMP,baseline,0.0018184830114478245,8.405704284086823e-05,6.075698183849454e-05,0.0006209799903444946,0.0004991390160284936,0.0
40.0,116,RMP,optimized,0.0005999550048727542,4.82789910165593e-05,3.389004268683493e-05,0.00013449302059598267,0.00015103697660379112,0.00014641301822848618
40.0,117,RMP,baseline,0.0010875799925997853,5.055002111475915e-05,3.446797200012952e-05,0.00045160300214774907,0.00015860098937992007,0.0
40.0,117,RMP,optimized,0.0004929489950882271,4.202607669867575e-05,2.538796979933977e-05,0.00011474998609628528,0.00012777098163496703,0.00010847399244084954
40.0,118,RMP,baseline,0.0015581789921270683,7.603301492054015e-05,5.603398312814534e-05,0.0005826470151077956,0.0003296250361017883,0.0
40.0,118,RMP,optimized,0.0005964890005998313,5.0506991101428866e-05,3.21060506394133e-05,0.0001395069557474926,0.00016258498362731189,0.00012776098446920514
40.0,119,RMP,baseline,0.0011860000086016953,5.547805631067604e-05,4.1248989873565733e-05,0.0004597009683493525,0.0001795790158212185,0.0
40.0,119,RMP,optimized,0.0006201749929459766,5.0169022870250046e-05,3.171601565554738e-05,0.00013918604236096144,0.00017285200010519475,0.00013107297127135098
40.0,120,RMP,baseline,0.0013535390025936067,5.538499681279063e-05,4.444301885087043e-05,0.0006169680127641186,0.0001825859653763473,0.0
40.0,120,RMP,optimized,0.0005845879932167009,4.704698221758008e-05,2.9646005714312196e-05,0.00014298499445430934,0.00014565102173946798,0.000130237007397227
40.0,121,RMP,baseline,0.0021352420008042827,0.00010519495117478073,7.600797107443213e-05,0.0007112090097507462,0.00041749601950868964,0.0
40.0,121,RMP,optimized,0.0014721670013386756,9.73079731920734e-05,6.531301187351346e-05,0.0002983640297316015,0.00031579501228407025,0.0005147750052856281
40.0,122,RMP,baseline,0.000988214000244625,4.828795499633998e-05,3.292594919912517e-05,0.00039172898686956614,0.0001443170040147379,0.0
40.0,122,RMP,optimized,0.000549004995264113,4.4895990868099034e-05,4.243303555995226e-05,0.0001225359592353925,0.0001373309933114797,0.00011839602666441351
40.0,123,RMP,baseline,0.0013350680092116818,6.112900155130774e-05,4.983901453670114e-05,0.0005255639989627525,0.00018734595505520701,0.0
40.0,123,RMP,optimized,0.0005666749930242077,4.7384994104504585e-05,2.8413996915332973e-05,0.00013123294047545642,0.00014840699441265315,0.00012056298146490008
40.0,124,RMP,baseline,0.000982789002591744,4.6959976316429675e-05,3.2051990274339914e-05,0.00039713499427307397,0.00014344000373966992,0.0
40.0,124,RMP,optimized,0.0005215059936745092,5.8527017245069146e-05,2.759000926744193e-05,0.00011501400149427354,0.0001318560098297894,0.00011059598182328045
40.0,125,RMP,baseline,0.0010251549974782392,4.998398071620613e-05,3.6087047192268074e-05,0.0004079789505340159,0.00014913297491148114,0.0
40.0,125,RMP,optimized,0.0006261119997361675,4.717598494607955e-05,3.862401354126632e-05,0.00013372700777836144,0.00018736599304247648,0.00012473702372517437
40.0,126,RMP,baseline,0.0012650599965127185,6.238497735466808e-05,5.505996523424983e-05,0.00047040295612532645,0.0002042949927272275,0.0
40.0,126,RMP,optimized,0.0005876729992451146,4.4469983549788594e-05,2.6817986508831382e-05,0.00012168702960480005,0.00013339804718270898,0.00011694997374434024
40.0,127,RMP,baseline,0.0010412580013507977,4.759601142723113e-05,3.70940106222406e-05,0.0004249320045346394,0.0001495600154157728,0.0
40.0,127,RMP,optimized,0.0006246740085771307,4.749295476358384e-05,3.1190982554107904e-05,0.0001410120166838169,0.00015360006364062428,0.00016164100088644773
40.0,128,RMP,baseline,0.0010927849943982437,5.011502071283758e-05,3.8636004319414496e-05,0.0004153789777774364,0.00017496600048616529,0.0
40.0,128,RMP,optimized,0.0005504279979504645,4.517099296208471e-05,2.8376991394907236e-05,0.0001262940204469487,0.00013949000276625156,0.00013257503451313823
40.0,129,RMP,baseline,0.001147249000496231,5.325100210029632e-05,3.650202415883541e-05,0.00041976301872637123,0.00016685103764757514,0.0
40.0,129,RMP,optimized,0.0005393890023697168,4.7595021896995604e-05,2.8913025744259357e-05,0.00012361900007817894,0.00014442102110479027,0.00011793700105044991
40.0,130,RMP,baseline,0.0017497119988547638,6.0651000239886343e-05,4.225099110044539e-05,0.0005547260079765692,0.0002750289859250188,0.0
40.0,130,RMP,optimized,0.0007165899878600612,5.288202373776585e-05,4.541900125332177e-05,0.00016845999925862998,0.00017635402036830783,0.0001611789921298623
40.0,131,RMP,baseline,0.0017358970071654767,7.455503509845585e-05,0.00010139697405975312,0.0007213500357465819,0.0002664339845068753,0.0
40.0,131,RMP,optimized,0.0009688369900686666,8.008995791897178e-05,4.227698082104325e-05,0.00020758701430168003,0.0002793910389300436,0.00018540798919275403
40.0,132,RMP,baseline,0.0016131430020323023,6.312101322691888e-05,5.2839997806586325e-05,0.0005599819996859878,0.0003456159756751731,0.0
40.0,132,RMP,optimized,0.000861940992763266,6.560601468663663e-05,4.1754989069886506e-05,0.00019846996292471886,0.00022320300922729075,0.00019244200666435063
40.0,133,RMP,baseline,0.0011756280000554398,5.357802729122341e-05,3.615098830778152e-05,0.00048447903827764094,0.000170742001500912,0.0
40.0,133,RMP,optimized,0.0005378720088629052,5.0309026846662164e-05,2.8913025744259357e-05,0.00012381003762129694,0.00014140897837933153,0.00011867999273817986
40.0,134,RMP,baseline,0.0011058099917136133,5.264401261229068e-05,3.536700387485325e-05,0.0004252530197845772,0.00018513201212044805,0.0
40.0,134,RMP,optimized,0.0009708859870443121,5.9143989346921444e-05,4.609598545357585e-05,0.0002347990230191499,0.0002721759956330061,0.00016641500405967236
40.0,135,RMP,baseline,0.0011466110008768737,5.341696669347584e-05,3.889702202286571e-05,0.0004485609824769199,0.0001864400546764955,0.0
40.0,135,RMP,optimized,0.0006294790073297918,4.94599953526631e-05,3.727601142600179e-05,0.00013122102245688438,0.0001959130313480273,0.00012503602192737162
40.0,136,RMP,baseline,0.0019131419976474717,7.482200453523546e-05,6.837394903413951e-05,0.0006909330113558099,0.0003209949645679444,0.0
40.0,136,RMP,optimized,0.0011328289983794093,9.547200170345604e-05,5.440005043055862e-05,0.0002342569932807237,0.00031842895259615034,0.0002157789858756587
40.0,137,RMP,baseline,0.0010081670043291524,4.8945032176561654e-05,3.308097075205296e-05,0.0003961230249842629,0.0001510639995103702,0.0
40.0,137,RMP,optimized,0.0005166729970369488,4.403000639285892e-05,2.7363013941794634e-05,0.000118339026812464,0.00013349101936910301,0.00011332299618516117
40.0,138,RMP,baseline,0.00111652999476064,5.358700582291931e-05,4.072894807904959e-05,0.0004543699906207621,0.0001622340059839189,0.0
40.0,138,RMP,optimized,0.0005274650029605255,4.4989981688559055e-05,2.7441055863164365e-05,0.00012316294305492193,0.0001353699917672202,0.00011891004396602511
40.0,139,RMP,baseline,0.0013897580065531656,6.0455990023911e-05,4.829799581784755e-05,0.0005317829636624083,0.00024444198061246425,0.0
40.0,139,RMP,optimized,0.0006255640037124977,6.531100370921195e-05,3.3614953281357884e-05,0.00014838499191682786,0.0001498500059824437,0.000131153006805107
40.0,140,RMP,baseline,0.0010249769984511659,4.869798431172967e-05,3.2693977118469775e-05,0.00039279102929867804,0.0001508519781054929,0.0
40.0,140,RMP,optimized,0.0005259839963400736,4.571801400743425e-05,3.270701563451439e-05,0.0001184100256068632,0.00013446496450342238,0.00011263595661148429
40.0,141,RMP,baseline,0.0011501559929456562,5.307198443915695e-05,3.615602327045053e-05,0.0004549619770841673,0.00016249602776952088,0.0
40.0,141,RMP,optimized,0.0007426710071740672,7.122399983927608e-05,4.218996036797762e-05,0.0001955929765244946,0.00017027600551955402,0.00014970899792388082
40.0,142,RMP,baseline,0.0010057510080514476,4.878797335550189e-05,3.364199073985219e-05,0.00040259098750539124,0.0001448949915356934,0.0
40.0,142,RMP,optimized,0.0005813909956486896,4.8042042180895805e-05,3.206502879038453e-05,0.00013769196812063456,0.00016151501040440053,0.00012059297296218574
40.0,143,RMP,baseline,0.0011310400004731491,6.0030011809431016e-05,3.941501199733466e-05,0.00045042902638670057,0.00017058494267985225,0.0
40.0,143,RMP,optimized,0.0006232689920580015,5.936500383540988e-05,3.3903997973538935e-05,0.00013733396190218627,0.00017103094432968646,0.00013112698798067868
40.0,144,RMP,baseline,0.0012201439967611805,5.344998498912901e-05,3.790702612604946e-05,0.0004704060120275244,0.00016792397946119308,0.0
40.0,144,RMP,optimized,0.00057774200104177,5.194600089453161e-05,3.062702307943255e-05,0.000131343025714159,0.00014761000056751072,0.00012634997256100178
40.0,145,RMP,baseline,0.0011042410042136908,5.2234012400731444e-05,3.73889779439196e-05,0.0004260489804437384,0.00016400798631366342,0.0
40.0,145,RMP,optimized,0.0006340740073937923,4.737400740850717e-05,3.811702481471002e-05,0.00015100298332981765,0.00016849301755428314,0.00013550902076531202
40.0,146,RMP,baseline,0.0011223369947401807,7.335499685723335e-05,4.5984023017808795e-05,0.00042391101305838674,0.00017841199587564915,0.0
40.0,146,RMP,optimized,0.0005334150046110153,4.637602251023054e-05,2.806697739288211e-05,0.00012167499517090619,0.00013891499838791788,0.00011911200999747962
40.0,147,RMP,baseline,0.0010645779984770343,4.8471003537997603e-05,8.278002496808767e-05,0.00040426000487059355,0.0001526889973320067,0.0
40.0,147,RMP,optimized,0.0005017989897169173,4.267701297067106e-05,2.7290996513329446e-05,0.00011330499546602368,0.00013370797387324274,0.00011040596291422844
40.0,148,RMP,baseline,0.00096311500237789,4.715302202384919e-05,3.801997809205204e-05,0.0003786069428315386,0.00014055003703106195,0.0
40.0,148,RMP,optimized,0.0005159150023246184,4.609803727362305e-05,2.723599027376622e-05,0.000117648029117845,0.00013566497364081442,0.00011457396612968296
40.0,149,RMP,baseline,0.0014134230004856363,5.464101559482515e-05,4.425999941304326e-05,0.0006197700276970863,0.00018840895791072398,0.0
40.0,149,RMP,optimized,0.0005473510100273415,4.572200123220682e-05,2.8279013349674642e-05,0.0001275399699807167,0.00014241301687434316,0.00012132398842368275
40.0,150,RMP,baseline,0.0012471200025174767,5.9783997130580246e-05,3.8372003473341465e-05,0.0004718559794127941,0.00018695101607590914,0.0
40.0,150,RMP,optimized,0.001111963007133454,9.5619005151093e-05,6.840599235147238e-05,0.000254796032095328,0.0002736340102273971,0.0002625300257932395
40.0,151,RMP,baseline,0.0010743869934231043,6.464299804065377e-05,4.1812032577581704e-05,0.00041372897976543754,0.00016536998737137765,0.0
40.0,151,RMP,optimized,0.0005457660008687526,5.010100721847266e-05,2.919197140727192e-05,0.00012688204878941178,0.00014280100003816187,0.00011652303510345519
40.0,152,RMP,baseline,0.0010751189984148368,7.059302879497409e-05,4.449699190445244e-05,0.0004219419788569212,0.00015276798512786627,0.0
40.0,152,RMP,optimized,0.0006224249955266714,4.9888010835275054e-05,3.135294537059963e-05,0.0001368329831166193,0.00014239602023735642,0.00013179898087400943
40.0,153,RMP,baseline,0.0010535379988141358,4.8846020945347846e-05,3.4452968975529075e-05,0.0004082599625689909,0.00015557196456938982,0.0
40.0,153,RMP,optimized,0.0005221909959800541,4.6204018872231245e-05,2.87910079350695e-05,0.00011881098907906562,0.00013729199417866766,0.00011405798431951553
40.0,154,RMP,baseline,0.001106159994378686,5.585102189797908e-05,3.981303598266095e-05,0.0004542390233837068,0.00016397997387684882,0.0
40.0,154,RMP,optimized,0.000491564002004452,4.466196696739644e-05,2.657297591213137e-05,0.00011153599189128727,0.00012955200509168208,0.00010826002107933164
40.0,155,RMP,baseline,0.0022829700028523803,9.33889823500067e-05,8.282599446829408e-05,0.0008790969441179186,0.0003700769884744659,0.0
40.0,155,RMP,optimized,0.0009837859979597852,7.492801523767412e-05,5.8006044127978384e-05,0.00023923699336592108,0.0002566510229371488,0.0002106000029016286
40.0,156,RMP,baseline,0.0011321019992465153,6.629398558288813e-05,3.94010276068002e-05,0.00045370000589173287,0.00015864298620726913,0.0
40.0,156,RMP,optimized,0.0005418189975898713,4.5849039452150464e-05,2.776000474113971e-05,0.00012733499170280993,0.0001399809989379719,0.00011679599992930889
40.0,157,RMP,baseline,0.001069326011929661,4.840204201173037e-05,3.4280019463039935e-05,0.0004476680187508464,0.00015308496949728578,0.0
40.0,157,RMP,optimized,0.0005684750067302957,4.470303247217089e-05,2.9224000172689557e-05,0.00014590503997169435,0.0001435789599781856,0.00011640702723525465
40.0,158,RMP,baseline,0.0014735180011484772,6.266999116633087e-05,4.885799717158079e-05,0.0005473830096889287,0.00022812398674432188,0.0
40.0,158,RMP,optimized,0.0014179819991113618,0.00010865001240745187,7.194704085122794e-05,0.0002952319919131696,0.0003408360207686201,0.0003948230005335063
40.0,159,RMP,baseline,0.0011413309985073283,7.824499334674329e-05,3.981997724622488e-05,0.00043554096191655844,0.00017025897977873683,0.0
40.0,159,RMP,optimized,0.0005134149978403002,4.464699304662645e-05,2.7176036383025348e-05,0.0001176140212919563,0.0001349800149910152,0.0001134289923356846
40.0,160,RMP,baseline,0.001055890999850817,4.883305518887937e-05,3.417900006752461e-05,0.0004491889849305153,0.00014990298950579017,0.0
40.0,160,RMP,optimized,0.0006186679966049269,4.548997094389051e-05,3.0016977689228952e-05,0.0001776860299287364,0.00014848799037281424,0.000126747036119923
40.0,161,RMP,baseline,0.0012803179997717962,5.570496432483196e-05,4.21600416302681e-05,0.0005397720378823578,0.00018629897385835648,0.0
40.0,161,RMP,optimized,0.0005816940101794899,4.792401159647852e-05,3.123896021861583e-05,0.00015165098011493683,0.00014932500198483467,0.00012050202349200845
40.0,162,RMP,baseline,0.0010395830031484365,5.063698336016387e-05,4.059597267769277e-05,0.0003963660274166614,0.0001535340561531484,0.0
40.0,162,RMP,optimized,0.0005619430012302473,4.6301938709802926e-05,2.9644943424500525e-05,0.00012399800471030176,0.00015600801270920783,0.00012114396668039262
40.0,163,RMP,baseline,0.0009823229920584708,4.9048991058953106e-05,3.352400381118059e-05,0.0003860159922624007,0.00015378397074528039,0.0
40.0,163,RMP,optimized,0.0006061260064598173,4.519495996646583e-05,3.064099291805178e-05,0.00017726400983519852,0.00014650498633272946,0.00011819099017884582
40.0,164,RMP,baseline,0.0013566670095315203,5.847199645359069e-05,5.9263009461574256e-05,0.000513870021677576,0.0001893440494313836,0.0
40.0,164,RMP,optimized,0.0008401230006711558,5.64479996683076e-05,4.0988001273944974e-05,0.00020512097398750484,0.00020947594020981342,0.00018500200530979782
40.0,165,RMP,baseline,0.0009677810012362897,4.654498479794711e-05,3.1717034289613366e-05,0.00038268999196588993,0.0001439129700884223,0.0
40.0,165,RMP,optimized,0.0006810109916841611,5.194303230382502e-05,3.693303733598441e-05,0.0001464449887862429,0.00018115900456905365,0.0001434170117136091
40.0,166,RMP,baseline,0.00115341400669422,5.032893386669457e-05,3.610999556258321e-05,0.00047796397120691836,0.0001595879439264536,0.0
40.0,166,RMP,optimized,0.0005308199906721711,4.677503602579236e-05,2.936199598480016e-05,0.00012222700752317905,0.0001378130109515041,0.0001169030147138983
40.0,167,RMP,baseline,0.0014057649968890473,5.881799734197557e-05,7.972698949743062e-05,0.0004950469738105312,0.0001971499586943537,0.0
40.0,167,RMP,optimized,0.0005908730090595782,4.8331014113500714e-05,2.973800292238593e-05,0.00014307604578789324,0.00015036200056783855,0.00013095598842483014
40.0,168,RMP,baseline,0.0009328220039606094,4.520299262367189e-05,2.978301199618727e-05,0.0003695839986903593,0.00013471103738993406,0.0
40.0,168,RMP,optimized,0.0005304879887262359,4.3998006731271744e-05,4.318301216699183e-05,0.00011986703611910343,0.00013265399320516735,0.00011502101551741362
40.0,169,RMP,baseline,0.0030201839981600642,0.00013248296454548836,9.204000525642186e-05,0.0011298070603515953,0.0006065049965400249,0.0
40.0,169,RMP,optimized,0.0008784749952610582,6.98619696777314e-05,4.360002640169114e-05,0.00018462902517057955,0.0002675389696378261,0.00018618398462422192
40.0,170,RMP,baseline,0.0010345890041207895,5.01500180689618e-05,3.324598947074264e-05,0.00040602197987027466,0.00014748296234756708,0.0
40.0,170,RMP,optimized,0.0006471879896707833,6.0175007092766464e-05,3.543101774994284e-05,0.0001392319827573374,0.00018075297703035176,0.00014380599895957857
40.0,171,RMP,baseline,0.0012011049984721467,5.445801070891321e-05,5.530800262931734e-05,0.00047253601951524615,0.0001766509813023731,0.0
40.0,171,RMP,optimized,0.0006808260077377781,5.107800825498998e-05,3.631999425124377e-05,0.00015908900240901858,0.00019254996732342988,0.00014362296496983618
40.0,172,RMP,baseline,0.001212878996739164,5.433599289972335e-05,5.086899909656495e-05,0.00045609100197907537,0.00023157002578955144,0.0
40.0,172,RMP,optimized,0.0006096260040067136,4.866199742536992e-05,3.1314018997363746e-05,0.00015449099009856582,0.00015254701429512352,0.0001311169908149168
40.0,173,RMP,baseline,0.0010092979937326163,4.81560273328796e-05,3.370507329236716e-05,0.00038886901165824383,0.00015224098751787096,0.0
40.0,173,RMP,optimized,0.0005710929981432855,5.947801400907338e-05,3.0217983294278383e-05,0.0001254800008609891,0.00014472301700152457,0.0001234949886566028
40.0,174,RMP,baseline,0.0010573570034466684,5.052097549196333e-05,3.597998875193298e-05,0.0004259430425008759,0.00015468202764168382,0.0
40.0,174,RMP,optimized,0.0005267660017125309,4.533700121100992e-05,2.741500793490559e-05,0.00012249797873664647,0.00013673101784661412,0.00011657101276796311
40.0,175,RMP,baseline,0.0009640630014473572,4.788499791175127e-05,3.0611015972681344e-05,0.0003856060211546719,0.0001421380293322727,0.0
40.0,175,RMP,optimized,0.0005520770064322278,4.383998748380691e-05,2.715401933528483e-05,0.00013233002391643822,0.00014321300841402262,0.00011261897452641279
40.0,176,RMP,baseline,0.000997495008050464,4.790995444636792e-05,3.389397170394659e-05,0.00038461500662378967,0.00014993399963714182,0.0
40.0,176,RMP,optimized,0.0006738570082234219,5.170800432097167e-05,5.94609446125105e-05,0.00014627998461946845,0.00014786605606786907,0.00017922195547726005
40.0,177,RMP,baseline,0.0010539829963818192,5.0861985073424876e-05,4.061200888827443e-05,0.0004196000227238983,0.0001546019921079278,0.0
40.0,177,RMP,optimized,0.0007287080079549924,5.66969538340345e-05,3.769797331187874e-05,0.00015354996139649302,0.00021857698448002338,0.00015427199832629412
40.0,178,RMP,baseline,0.0010656869999365881,4.8920948756858706e-05,4.062602238263935e-05,0.00044428503315430135,0.00014921404363121837,0.0
40.0,178,RMP,optimized,0.0004979520017514005,4.316199920140207e-05,2.6682013412937522e-05,0.0001133270125137642,0.0001296989939874038,0.00010901299538090825
40.0,179,RMP,baseline,0.0010565449920250103,5.07869990542531e-05,3.5218981793150306e-05,0.00041277795389760286,0.000156582027557306,0.0
40.0,179,RMP,optimized,0.0005951240018475801,5.125399911776185e-05,3.195404133293778e-05,0.0001380450266879052,0.00016567099373787642,0.0001248239859705791
40.0,180,RMP,baseline,0.0019693520007422194,9.022299491334707e-05,7.466704118996859e-05,0.0007378570007858798,0.00033455798984505236,0.0
40.0,180,RMP,optimized,0.0010174319904763252,7.645704317837954e-05,5.7756027672439814e-05,0.0002281520573887974,0.0002567000046838075,0.0002282460336573422
40.0,181,RMP,baseline,0.002242746006231755,8.48960189614445e-05,7.296998228412122e-05,0.0007440469780704007,0.00040668602741789073,0.0
40.0,181,RMP,optimized,0.0006793100037612021,5.119100387673825e-05,3.9863050915300846e-05,0.00014571200881619006,0.0001579559757374227,0.00018796401855070144
40.0,182,RMP,baseline,0.0011369389976607636,5.356095789466053e-05,4.046499088872224e-05,0.0004651880299206823,0.000164592987857759,0.0
40.0,182,RMP,optimized,0.000584805995458737,4.842499038204551e-05,2.9498027288354933e-05,0.0001376740401610732,0.00014324997027870268,0.0001381870242767036
40.0,183,RMP,baseline,0.0011538639955688268,5.3227966418489814e-05,3.44449799740687e-05,0.0004416929732542485,0.00017846499395091087,0.0
40.0,183,RMP,optimized,0.0006116570002632216,5.356800102163106e-05,3.5326986107975245e-05,0.00013916903117205948,0.00015918600547593087,0.0001299030118389055
40.0,184,RMP,baseline,0.0010073209996335208,4.979901132173836e-05,3.398799162823707e-05,0.00040571199497208,0.00014525996812153608,0.0
40.0,184,RMP,optimized,0.0011326279927743599,7.416003791149706e-05,5.735899321734905e-05,0.00023733798298053443,0.00038681901060044765,0.00021624998771585524
40.0,185,RMP,baseline,0.0010280239948770031,6.809098704252392e-05,3.737202496267855e-05,0.0003922190226148814,0.0001503930106991902,0.0
40.0,185,RMP,optimized,0.0005520039994735271,4.41839947598055e-05,2.8855996788479388e-05,0.00012467397027648985,0.00015347202133852988,0.00011989999620709568
40.0,186,RMP,baseline,0.0011194910039193928,5.329395935405046e-05,3.7596983020193875e-05,0.0004494959721341729,0.00016855302965268493,0.0
40.0,186,RMP,optimized,0.00054245199135039,4.7177018132060766e-05,3.415897663217038e-05,0.00012234202586114407,0.00013967401173431426,0.00011568299669306725
40.0,187,RMP,baseline,0.0013144739932613447,5.856897041667253e-05,0.00012100901221856475,0.0004991750029148534,0.00018473602540325373,0.0
40.0,187,RMP,optimized,0.0005629910010611638,4.740199074149132e-05,2.8912007110193372e-05,0.00013033399591222405,0.00014658198051620275,0.00012259298819117248
40.0,188,RMP,baseline,0.0010565059928921983,4.8706031520850956e-05,3.4712982596829534e-05,0.00043004300096072257,0.0001526919804746285,0.0
40.0,188,RMP,optimized,0.000505890988279134,4.458203329704702e-05,2.6507987058721483e-05,0.00011535700468812138,0.0001326869969489053,0.0001126620190916583
40.0,189,RMP,baseline,0.0010673950018826872,4.9758993554860353e-05,3.514002310112119e-05,0.00040144599915947765,0.00016077897453214973,0.0
40.0,189,RMP,optimized,0.0005166379996808246,4.385200736578554e-05,2.6882975362241268e-05,0.00011574201926123351,0.00013714896340388805,0.00011400198854971677
40.0,190,RMP,baseline,0.0020302289922256023,6.829998164903373e-05,5.52420096937567e-05,0.0008278850291389972,0.00027006100572180003,0.0
40.0,190,RMP,optimized,0.000711625994881615,5.3796975407749414e-05,3.403599839657545e-05,0.00017000694060698152,0.00017502698756288737,0.00015447901387233287
40.0,191,RMP,baseline,0.0009662920056143776,4.6693996409885585e-05,3.152196586597711e-05,0.000385518025723286,0.00014148700574878603,0.0
40.0,191,RMP,optimized,0.0007955190085340291,6.609002593904734e-05,4.341699241194874e-05,0.00015864294255152345,0.00025792598898988217,0.00014831199951004237
40.0,192,RMP,baseline,0.0010636390070430934,5.189899820834398e-05,3.87190084438771e-05,0.00041912496089935303,0.00016201597463805228,0.0
40.0,192,RMP,optimized,0.0005051100015407428,4.5456967200152576e-05,2.6599009288474917e-05,0.0001142230030382052,0.00013300401042215526,0.00011037697549909353
40.0,193,RMP,baseline,0.0009841470018727705,4.786300996784121e-05,3.110001853201538e-05,0.00039855900104157627,0.00014202196325641125,0.0
40.0,193,RMP,optimized,0.0005724630027543753,5.139199492987245e-05,3.0727984267286956e-05,0.00012415496166795492,0.00014589897182304412,0.00012556005094666034
40.0,194,RMP,baseline,0.0010669799958122894,4.892102151643485e-05,3.525902866385877e-05,0.0003961059992434457,0.00015381298726424575,0.0
40.0,194,RMP,optimized,0.0006163110083434731,7.980602094903588e-05,3.230599395465106e-05,0.00013346697960514575,0.00014276598813012242,0.00013672400382347405
40.0,195,RMP,baseline,0.0011366010003257543,5.479200626723468e-05,3.453400859143585e-05,0.0004669610207201913,0.00016465601220261306,0.0
40.0,195,RMP,optimized,0.0010959740029647946,6.182398647069931e-05,0.00014683498011436313,0.00021516799461096525,0.00021071596711408347,0.00020343894721008837
40.0,196,RMP,baseline,0.0010582130053080618,5.151802906766534e-05,3.665198164526373e-05,0.00041067099664360285,0.0001553679903736338,0.0
40.0,196,RMP,optimized,0.000601584994001314,4.539001383818686e-05,3.482196188997477e-05,0.00015313398034777492,0.00016067000979091972,0.00012027403863612562
40.0,197,RMP,baseline,0.0011894769995706156,5.4746007663197815e-05,4.8843983677215874e-05,0.00044683300075121224,0.00018393398204352707,0.0
40.0,197,RMP,optimized,0.0007123789982870221,0.00011872596223838627,3.400802961550653e-05,0.00015116200665943325,0.0001692189835011959,0.000131447974126786
40.0,198,RMP,baseline,0.001021880001644604,4.819703462999314e-05,3.82139696739614e-05,0.0003883020399371162,0.00015174702275544405,0.0
40.0,198,RMP,optimized,0.0012706859997706488,9.916897397488356e-05,7.208996976260096e-05,0.00028859300073236227,0.00032296200515702367,0.00029739696765318513
40.0,199,RMP,baseline,0.0010258149995934218,4.874897422268987e-05,3.8295984268188477e-05,0.000412872017477639,0.00014508601452689618,0.0
40.0,199,RMP,optimized,0.0005073889915365726,4.441397322807461e-05,2.6136025553569198e-05,0.00011372196604497731,0.00013364000187721103,0.00011263499618507922
40.0,200,RMP,baseline,0.0012038209970341995,5.607595085166395e-05,4.440896736923605e-05,0.0004432940186234191,0.00016793899703770876,0.0
40.0,200,RMP,optimized,0.0008486529986839741,5.253097333479673e-05,4.128896398469806e-05,0.0001718929852358997,0.0002823770046234131,0.0001918329653562978
40.0,201,RMP,baseline,0.0010037860047305003,4.899103078059852e-05,3.276101779192686e-05,0.0003941949544241652,0.00015118002193048596,0.0
40.0,201,RMP,optimized,0.0006021169974701479,4.7514011384919286e-05,2.898000821005553e-05,0.0001259009586647153,0.00018120103050023317,0.00012158298341091722
40.0,202,RMP,baseline,0.001115147999371402,5.381803202908486e-05,4.6960951294749975e-05,0.0004235650412738323,0.0001512290327809751,0.0
40.0,202,RMP,optimized,0.0005344870005501434,4.346798232290894e-05,2.6424037059769034e-05,0.00013475200103130192,0.00013554100587498397,0.00011176199768669903
40.0,203,RMP,baseline,0.0011039780074497685,5.1520022680051625e-05,4.34840185334906e-05,0.0004175729845883325,0.00017786301032174379,0.0
40.0,203,RMP,optimized,0.0005692230042768642,4.587898729369044e-05,3.005603502970189e-05,0.00014349402044899762,0.00014559802366420627,0.00011941800767090172
40.0,204,RMP,baseline,0.0011244570050621405,5.232397234067321e-05,3.726895374711603e-05,0.0004329509974922985,0.0002069050242425874,0.0
40.0,204,RMP,optimized,0.0005795619945274666,4.53770044259727e-05,3.0149996746331453e-05,0.00013468698307406157,0.00014528499741572887,0.00013758998829871416
40.0,205,RMP,baseline,0.0011396350018912926,5.5131997214630246e-05,5.015998613089323e-05,0.00044754199916496873,0.00016968901036307216,0.0
40.0,205,RMP,optimized,0.0007674939988646656,5.484498979058117e-05,3.707797441165894e-05,0.00021326700516510755,0.00021413898502942175,0.00013874699652660638
40.0,206,RMP,baseline,0.0012578739988384768,5.3826006478630006e-05,3.998703323304653e-05,0.0005179340078029782,0.00017742400814313442,0.0
40.0,206,RMP,optimized,0.0005550159985432401,4.586901923175901e-05,2.78400257229805e-05,0.00012607798271346837,0.00013894903531763703,0.0001325049961451441
40.0,207,RMP,baseline,0.001217199009261094,5.358397902455181e-05,4.1414008592255414e-05,0.00045514898374676704,0.00017006101552397013,0.0
40.0,207,RMP,optimized,0.0006014329992467538,5.069699545856565e-05,2.9318995075300336e-05,0.00013634598872158676,0.0001501300575910136,0.00014896200445946306
40.0,208,RMP,baseline,0.00103554199449718,5.051300104241818e-05,3.445504989940673e-05,0.0004032260039821267,0.0001559389929752797,0.0
40.0,208,RMP,optimized,0.0004898460028925911,4.2405998101457953e-05,2.659398887772113e-05,0.00011223499313928187,0.00012845598394051194,0.00010991204180754721
40.0,209,RMP,baseline,0.0010931659926427528,5.163195601198822e-05,3.755799843929708e-05,0.0004089440044481307,0.0002069349866360426,0.0
40.0,209,RMP,optimized,0.000542661000508815,4.371200338937342e-05,2.7710979338735342e-05,0.00012272399908397347,0.00014913998893462121,0.00011707500379998237
40.0,210,RMP,baseline,0.0010718240082496777,5.039498500991613e-05,3.344900324009359e-05,0.000401286015403457,0.00017901895625982434,0.0
40.0,210,RMP,optimized,0.001137434010161087,9.806398884393275e-05,4.482599615585059e-05,0.00016620897804386914,0.0004122150130569935,0.00019872000848408788
40.0,211,RMP,baseline,0.0009605360100977123,4.73160034744069e-05,3.1759002013131976e-05,0.00038575496000703424,0.00014031698810867965,0.0
40.0,211,RMP,optimized,0.000634088006336242,4.680703568737954e-05,3.141995694022626e-05,0.00017371801368426532,0.00015781400725245476,0.00012396099918987602
40.0,212,RMP,baseline,0.0021749440056737512,6.76829949952662e-05,0.0001014909939840436,0.0007943780074128881,0.00027311700978316367,0.0
40.0,212,RMP,optimized,0.0005756049940828234,4.606701259035617e-05,4.1341991163790226e-05,0.0001308939972659573,0.00014323399227578193,0.00013067302643321455
40.0,213,RMP,baseline,0.0011518370010890067,4.951104347128421e-05,3.839001874439418e-05,0.00043353102228138596,0.0001763219916028902,0.0
40.0,213,RMP,optimized,0.0010621819965308532,7.839099271222949e-05,5.557498661801219e-05,0.00022499702754430473,0.0003682580281747505,0.0001884059893200174
40.0,214,RMP,baseline,0.000999112002318725,4.930698196403682e-05,3.329504397697747e-05,0.00039375797496177256,0.00015209999401122332,0.0
40.0,214,RMP,optimized,0.0005042669945396483,4.5342021621763706e-05,2.741998468991369e-05,0.00011479902605060488,0.00013119998038746417,0.00011297700984869152
40.0,215,RMP,baseline,0.0027793059998657554,7.343300967477262e-05,6.334898353088647e-05,0.0010716590040829033,0.0004009920230600983,0.0
40.0,215,RMP,optimized,0.0007492969889426604,5.467698792926967e-05,4.016696766484529e-05,0.0001692089717835188,0.00022378400899469852,0.00015082093887031078
40.0,216,RMP,baseline,0.0010113049938809127,4.9461028538644314e-05,3.4550990676507354e-05,0.0003966440272051841,0.0001591239997651428,0.0
40.0,216,RMP,optimized,0.0005207080102991313,4.507300036493689e-05,2.6550012989901006e-05,0.0001178849779535085,0.00013879398466087878,0.00011272197298239917
40.0,217,RMP,baseline,0.0011931009939871728,5.595400580205023e-05,4.11739747505635e-05,0.0004466059908736497,0.0001813919807318598,0.0
40.0,217,RMP,optimized,0.0005904919962631539,4.7299981815740466e-05,3.0341005185618997e-05,0.0001361449685646221,0.00014786396059207618,0.00014133003423921764
40.0,218,RMP,baseline,0.0013333060051081702,6.521301111206412e-05,4.816798900719732e-05,0.0005275529983919114,0.00021737595670856535,0.0
40.0,218,RMP,optimized,0.0005779690109193325,4.9587004468776286e-05,2.9017988708801568e-05,0.00013285102613735944,0.00014838602510280907,0.00012813598732464015
40.0,219,RMP,baseline,0.0010597289947327226,5.0421032938174903e-05,3.5208024200983346e-05,0.000407915998948738,0.00016034899454098195,0.0
40.0,219,RMP,optimized,0.0006404529995052144,5.0700968131422997e-05,3.322900738567114e-05,0.00014168601774144918,0.00017374102026224136,0.00014422801905311644
40.0,220,RMP,baseline,0.0010457919997861609,5.208098446018994e-05,3.747700247913599e-05,0.0004129539884161204,0.00015384001017082483,0.0
40.0,220,RMP,optimized,0.000661084006424062,6.746903818566352e-05,3.4054944990202785e-05,0.00014148301852401346,0.00019227596931159496,0.00013017099990975112
40.0,221,RMP,baseline,0.0010295059910276905,4.842302587348968e-05,3.3509000786580145e-05,0.00041275798866990954,0.00014781202480662614,0.0
40.0,221,RMP,optimized,0.0006188120023580268,4.739599535241723e-05,3.2488998840563e-05,0.0001493460440542549,0.0001724609755910933,0.00012713600881397724
40.0,222,RMP,baseline,0.0011933050118386745,5.629700899589807e-05,4.250697384122759e-05,0.0004685420135501772,0.0001848820102168247,0.0
40.0,222,RMP,optimized,0.0005966830067336559,5.112700455356389e-05,3.124901559203863e-05,0.00013528096314985305,0.00015580198669340461,0.00012782002158928663
40.0,223,RMP,baseline,0.0010476829920662567,6.337302329484373e-05,4.729596548713744e-05,0.0004043060034746304,0.00015083796461112797,0.0
40.0,223,RMP,optimized,0.0005658349982695654,4.750597872771323e-05,2.9830989660695195e-05,0.00012114999117329717,0.00015995603462215513,0.00011963701399508864
40.0,224,RMP,baseline,0.0010611149918986484,5.155998223926872e-05,3.6483994335867465e-05,0.00040821498259902,0.00014883097901474684,0.0
40.0,224,RMP,optimized,0.0005838960059918463,4.546699346974492e-05,2.9839007765986025e-05,0.00014970701886340976,0.00014153699157759547,0.0001213559735333547
40.0,225,RMP,baseline,0.0016369240038329735,5.8999983593821526e-05,4.628799797501415e-05,0.000779103982495144,0.00020687495998572558,0.0
40.0,225,RMP,optimized,0.0009394859953317791,6.873099482618272e-05,5.790697468910366e-05,0.0002422840043436736,0.00023665695334784687,0.00019021195475943387
40.0,226,RMP,baseline,0.0010697510006139055,4.8489964683540165e-05,3.51359776686877e-05,0.00040687799628358334,0.0001516909833298996,0.0
40.0,226,RMP,optimized,0.0005402050010161474,5.917798262089491e-05,2.8586990083567798e-05,0.00011803799134213477,0.00013042298087384552,0.00011260398605372757
40.0,227,RMP,baseline,0.001201655002660118,5.719400360248983e-05,4.12159861298278e-05,0.00048338097985833883,0.00018483003077562898,0.0
40.0,227,RMP,optimized,0.0005935799999861047,4.690101195592433e-05,4.734298272524029e-05,0.0001347330107819289,0.00014882697723805904,0.0001258129923371598
40.0,228,RMP,baseline,0.001076781001756899,5.184799374546856e-05,4.266494943294674e-05,0.0004305410257074982,0.00015555002028122544,0.0
40.0,228,RMP,optimized,0.0007861820049583912,5.078395770397037e-05,3.580299380701035e-05,0.00016324601892847568,0.00017183099407702684,0.0002578869753051549
40.0,229,RMP,baseline,0.0010284659947501495,5.027900624554604e-05,4.440595512278378e-05,0.0004135340132052079,0.00014714800636284053,0.0
40.0,229,RMP,optimized,0.0005224399938015267,4.42460150225088e-05,2.7811009204015136e-05,0.00012106001668144017,0.00013198301894590259,0.00011559898848645389
40.0,230,RMP,baseline,0.0011055969953304157,5.066700396127999e-05,3.5222023143433034e-05,0.0004419789620442316,0.00016014697030186653,0.0
40.0,230,RMP,optimized,0.0005435500061139464,4.6703979023732245e-05,2.8782975277863443e-05,0.00012311599857639521,0.0001414669823134318,0.0001213240175275132
40.0,231,RMP,baseline,0.001307408994762227,7.226500019896775e-05,4.5573979150503874e-05,0.0004938380297971889,0.0002569939970271662,0.0
40.0,231,RMP,optimized,0.000517866006703116,4.498797352425754e-05,2.955499803647399e-05,0.0001182949636131525,0.00013130797015037388,0.0001125869748648256
40.0,232,RMP,baseline,0.0021093300019856542,7.798698788974434e-05,7.362200994975865e-05,0.0008470399770885706,0.00039217704033944756,0.0
40.0,232,RMP,optimized,0.0007376470020972192,5.6276985560543835e-05,4.928500857204199e-05,0.000182899966603145,0.00017969697364605963,0.0001576530485181138
40.0,233,RMP,baseline,0.0010701809951569885,4.9866968765854836e-05,3.5519988159649074e-05,0.00043394899694249034,0.00015458000416401774,0.0
40.0,233,RMP,optimized,0.0005204579938435927,4.7232009819708765e-05,2.7850037440657616e-05,0.00011606999032665044,0.0001453399599995464,0.00011054395872633904
40.0,234,RMP,baseline,0.0012932450044900179,5.918297392781824e-05,4.293202073313296e-05,0.0005881969846086577,0.00016906003293115646,0.0
40.0,234,RMP,optimized,0.0005629560037050396,4.617299418896437e-05,2.7849979232996702e-05,0.00012815999798476696,0.00015452803927473724,0.00011885898129548877
40.0,235,RMP,baseline,0.0010421019978821278,5.064300785306841e-05,3.3110991353169084e-05,0.0004203309799777344,0.00015236799663398415,0.0
40.0,235,RMP,optimized,0.000592505995882675,4.8471963964402676e-05,3.056197601836175e-05,0.00013179601228330284,0.00016875003348104656,0.00012268300633877516
40.0,236,RMP,baseline,0.0011210560041945428,5.326601967681199e-05,3.7006946513429284e-05,0.0004591829638229683,0.0001593229826539755,0.0
40.0,236,RMP,optimized,0.0006484129989985377,4.77489666081965e-05,2.8861977625638247e-05,0.00014323698997031897,0.00014064602146390826,0.0001302139862673357
40.0,237,RMP,baseline,0.0010219440009677783,5.1063005230389535e-05,3.327499143779278e-05,0.0004028210387332365,0.00014977897808421403,0.0
40.0,237,RMP,optimized,0.0006591729907086119,5.1768001867458224e-05,3.861897857859731e-05,0.00018872000509873033,0.00015418193652294576,0.00012670998694375157
40.0,238,RMP,baseline,0.001151195989223197,5.0399001338519156e-05,0.00011655203707050532,0.0004254000086802989,0.00015508699289057404,0.0
40.0,238,RMP,optimized,0.0005481760017573833,4.525297845248133e-05,2.6972003979608417e-05,0.00012962400796823204,0.00013774199760518968,0.00011881001410074532
40.0,239,RMP,baseline,0.0017740030016284436,7.979698420967907e-05,5.986298492643982e-05,0.0005924839933868498,0.0003291940374765545,0.0
40.0,239,RMP,optimized,0.0008004520059330389,6.0331018175929785e-05,3.7735982914455235e-05,0.00017906998982653022,0.00021909899078309536,0.00015485395852010697
40.0,240,RMP,baseline,0.001177990998257883,5.121900176163763e-05,3.8300000596791506e-05,0.0005015459901187569,0.000167793026776053,0.0
40.0,240,RMP,optimized,0.0004947609995724633,4.317500861361623e-05,2.6474008336663246e-05,0.00011289100802969187,0.00012673500168602914,0.00011009600711986423
40.0,241,RMP,baseline,0.0011071810004068539,5.280798359308392e-05,4.022600478492677e-05,0.0004296180122764781,0.00016202000551857054,0.0
40.0,241,RMP,optimized,0.0005225719942245632,4.427200474310666e-05,2.6964989956468344e-05,0.0001302579912589863,0.00013230401964392513,0.00011397500929888338
40.0,242,RMP,baseline,0.0009897830022964627,4.700198769569397e-05,3.288702282588929e-05,0.0003948829689761624,0.00014319299953058362,0.0
40.0,242,RMP,optimized,0.0004982209939043969,4.287800402380526e-05,3.0234994483180344e-05,0.00011166898184455931,0.00012638101179618388,0.00010925995593424886
40.0,243,RMP,baseline,0.0012531209940789267,6.210799620021135e-05,4.19069838244468e-05,0.0005332530272426084,0.00017881700478028506,0.0
40.0,243,RMP,optimized,0.0007570079906145111,5.017504736315459e-05,3.236293559893966e-05,0.000228920005611144,0.00016186399443540722,0.00014656197163276374
40.0,244,RMP,baseline,0.0009645840036682785,4.6569970436394215e-05,3.0508002964779735e-05,0.0003903379547409713,0.00013699900591745973,0.0
40.0,244,RMP,optimized,0.0005151310033397749,4.499299393501133e-05,2.7130983653478324e-05,0.00011696798901539296,0.00013389998639468104,0.00011192103556822985
40.0,245,RMP,baseline,0.0010174609924433753,4.9413982196711004e-05,3.498801379464567e-05,0.0004109219735255465,0.0001470949937356636,0.0
40.0,245,RMP,optimized,0.0005026770086260512,4.300399450585246e-05,2.6383015210740268e-05,0.00011690201063174754,0.00012856700050178915,0.00011203302710782737
40.0,246,RMP,baseline,0.0009367360034957528,4.5827997382730246e-05,2.999203570652753e-05,0.0003713999903993681,0.0001375220308545977,0.0
40.0,246,RMP,optimized,0.0005680309986928478,4.583901318255812e-05,2.810794103424996e-05,0.00012057097046636045,0.00014107600145507604,0.0001308540377067402
40.0,247,RMP,baseline,0.0009495150006841868,4.609400639310479e-05,3.189200651831925e-05,0.00038048700662329793,0.0001389769749948755,0.0
40.0,247,RMP,optimized,0.0004998209915356711,4.2352970922365785e-05,3.3638032618910074e-05,0.00011214902042411268,0.0001269619824597612,0.00011038099182769656
40.0,248,RMP,baseline,0.0013011150003876537,5.580201104748994e-05,6.15459430264309e-05,0.0004783059994224459,0.00020989500626455992,0.0
40.0,248,RMP,optimized,0.0007534210017183796,5.29770040884614e-05,3.5428995033726096e-05,0.0001696679973974824,0.00017755695444066077,0.00016748203779570758
40.0,249,RMP,baseline,0.000975257993559353,4.807196091860533e-05,3.800298145506531e-05,0.00038766799843870103,0.00014019300579093397,0.0
40.0,249,RMP,optimized,0.0005645490018650889,5.941097333561629e-05,3.043204196728766e-05,0.00012444297317415476,0.0001471029972890392,0.00012075502309016883
40.0,250,RMP,baseline,0.0016595360066276044,7.627299055457115e-05,6.610300624743104e-05,0.0005166569753782824,0.00028356902475934476,0.0
40.0,250,RMP,optimized,0.0005936030065640807,5.093698564451188e-05,3.552999987732619e-05,0.00013863500498700887,0.00014817803457845002,0.00012639498163480312
40.0,251,RMP,baseline,0.000997057999484241,4.876794992014766e-05,3.2590003684163094e-05,0.0003933140105800703,0.00015915998665150255,0.0
40.0,251,RMP,optimized,0.0005191209929762408,4.522202652879059e-05,2.613199467305094e-05,0.00011792301665991545,0.00013572604802902788,0.00011333201837260276
40.0,252,RMP,baseline,0.0014425369881791994,6.324201240204275e-05,5.3126030252315104e-05,0.0005204980116104707,0.00020986603340134025,0.0
40.0,252,RMP,optimized,0.0005537289980566129,4.3298001401126385e-05,2.778905036393553e-05,0.0001234090159414336,0.00013383198529481888,0.0001132449833676219
40.0,253,RMP,baseline,0.001045008990331553,5.170203803572804e-05,5.237598088569939e-05,0.00040992198046296835,0.00015668301784899086,0.0
40.0,253,RMP,optimized,0.0005369939899537712,4.541600355878472e-05,2.8048030799254775e-05,0.0001262309669982642,0.0001369819656247273,0.00011454497871454805
40.0,254,RMP,baseline,0.001018395007122308,4.853298014495522e-05,3.9467980968765914e-05,0.00039832199399825186,0.00014854200708214194,0.0
40.0,254,RMP,optimized,0.0004959409998264164,4.3464970076456666e-05,2.5829984224401414e-05,0.0001144650304922834,0.0001268510241061449,0.00010941896471194923
40.0,255,RMP,baseline,0.0009900910081341863,5.007695290260017e-05,3.404098970349878e-05,0.0003984429931733757,0.00014297298912424594,0.0
40.0,255,RMP,optimized,0.000560650005354546,4.5532986405305564e-05,2.802000381052494e-05,0.0001245740568265319,0.00015829497715458274,0.00012142799096181989
40.0,256,RMP,baseline,0.0011575370008358732,5.2966963266953826e-05,3.857503179460764e-05,0.00047949302825145423,0.00017930402827914804,0.0
40.0,256,RMP,optimized,0.0005673919949913397,4.565903509501368e-05,4.2173953261226416e-05,0.00012914597755298018,0.00014446498244069517,0.0001227659813594073
40.0,257,RMP,baseline,0.0012208310072310269,6.0448976000770926e-05,4.037404141854495e-05,0.0004221600102027878,0.00029559100221376866,0.0
40.0,257,RMP,optimized,0.0011540449922904372,5.875001079402864e-05,4.510299186222255e-05,0.00017988900071941316,0.0005785530229331926,0.0001551710010971874
40.0,258,RMP,baseline,0.001003823010250926,4.702995647676289e-05,3.311198088340461e-05,0.00039146999188233167,0.0001474869786761701,0.0
40.0,258,RMP,optimized,0.0005240320024313405,4.241502028889954e-05,2.6498993975110352e-05,0.00011794398596975952,0.000127498060464859,0.00010793998080771416
40.0,259,RMP,baseline,0.001011398999253288,4.8299014451913536e-05,3.522298356983811e-05,0.00039454796933569014,0.00016180097009055316,0.0
40.0,259,RMP,optimized,0.0005201129970373586,4.378193989396095e-05,2.6174966478720307e-05,0.00011805996473412961,0.00013210093311499804,0.00011225102934986353
40.0,260,RMP,baseline,0.0009512749966233969,4.741401062346995e-05,3.134401049464941e-05,0.00036884599830955267,0.00013950801803730428,0.0
40.0,260,RMP,optimized,0.0005360849900171161,4.3436986743472517e-05,2.7785019483417273e-05,0.00012156902812421322,0.0001331429957645014,0.00011868402361869812
40.0,261,RMP,baseline,0.0016701830027159303,7.201801054179668e-05,8.814701868686825e-05,0.0006180320197017863,0.0002625030174385756,0.0
40.0,261,RMP,optimized,0.0007111129962140694,5.096101085655391e-05,3.062699397560209e-05,0.00014114499208517373,0.00021962501341477036,0.00013015094737056643
40.0,262,RMP,baseline,0.0009640499920351431,4.796900611836463e-05,3.166300302837044e-05,0.0003837929980363697,0.0001400740147801116,0.0
40.0,262,RMP,optimized,0.0004971329908585176,4.254901432432234e-05,3.297798684798181e-05,0.00010955898324027658,0.00012704900291282684,0.00010765998740680516
40.0,263,RMP,baseline,0.0015494399995077401,6.964198837522417e-05,0.00011495902435854077,0.0006006669718772173,0.0002608190116006881,0.0
40.0,263,RMP,optimized,0.0005936999950790778,4.648501635529101e-05,2.910893817897886e-05,0.00013471502461470664,0.0001773690019035712,0.00012152598355896771
40.0,264,RMP,baseline,0.0010202190023846924,4.693103255704045e-05,3.318997914902866e-05,0.00042183601181022823,0.000146081016282551,0.0
40.0,264,RMP,optimized,0.0005260570032987744,4.222895950078964e-05,4.246395837981254e-05,0.00011712794366758317,0.00013151197344996035,0.00011466901923995465
40.0,265,RMP,baseline,0.0010631390032358468,5.408600554801524e-05,3.818002005573362e-05,0.0004071409784955904,0.00016524501552339643,0.0
40.0,265,RMP,optimized,0.0006288550066528842,7.292201917152852e-05,3.0913957743905485e-05,0.00016000696632545441,0.00015245603572111577,0.00012321697431616485
40.0,266,RMP,baseline,0.0017500389949418604,0.00011451898899395019,6.390298949554563e-05,0.0005864180129719898,0.00042158702854067087,0.0
40.0,266,RMP,optimized,0.0005534950032597408,4.722998710349202e-05,2.8023016056977212e-05,0.00013020796177443117,0.00014379901404026896,0.00011782103683799505
40.0,267,RMP,baseline,0.0010052510042442009,4.7833993448875844e-05,3.2780051697045565e-05,0.00039504398591816425,0.0001469899871153757,0.0
40.0,267,RMP,optimized,0.000648044006084092,4.775301204062998e-05,6.135995499789715e-05,0.00013400598254520446,0.000152243985212408,0.00016115503967739642
40.0,268,RMP,baseline,0.0018571440014056861,9.482102177571505e-05,8.410902228206396e-05,0.0007865469669923186,0.00022346699552144855,0.0
40.0,268,RMP,optimized,0.0008095170051092282,5.900701216887683e-05,3.85390012525022e-05,0.0001596149813849479,0.0001800210156943649,0.0001556560309836641
40.0,269,RMP,baseline,0.001094948995159939,5.661400791723281e-05,3.806901804637164e-05,0.00041401199996471405,0.00017253000987693667,0.0
40.0,269,RMP,optimized,0.0005320330092217773,4.542306123767048e-05,2.9031987651251256e-05,0.0001200169645017013,0.0001424530055373907,0.0001137590006692335
40.0,270,RMP,baseline,0.0010968490096274763,5.082097777631134e-05,3.749600728042424e-05,0.0004321939777582884,0.00015904998872429132,0.0
40.0,270,RMP,optimized,0.000570381002034992,4.4709944631904364e-05,2.8220019885338843e-05,0.00011946001905016601,0.000145614001667127,0.0001105859992094338
40.0,271,RMP,baseline,0.001051143990480341,4.898098995909095e-05,3.228298737667501e-05,0.00039901903073769063,0.0001455900346627459,0.0
40.0,271,RMP,optimized,0.0004926389956381172,4.236800305079669e-05,2.5478002498857677e-05,0.00011242499749641865,0.00012954504927620292,0.00010778101568575948
40.0,272,RMP,baseline,0.0010311780060874298,4.8506975872442126e-05,3.459601430222392e-05,0.0004028289986308664,0.0001531860325485468,0.0
40.0,272,RMP,optimized,0.0005713490099878982,4.4877975597046316e-05,4.656397504732013e-05,0.00012917001731693745,0.000141154057928361,0.00011779497435782105
40.0,273,RMP,baseline,0.0016510860004927963,9.528399095870554e-05,8.333603909704834e-05,0.0005893019842915237,0.0003602960205171257,0.0
40.0,273,RMP,optimized,0.0005807429988635704,4.760800220537931e-05,2.977802068926394e-05,0.00014297899906523526,0.0001436160528101027,0.0001310520019615069
40.0,274,RMP,baseline,0.000996199989458546,4.758402064908296e-05,4.102200909983367e-05,0.00037143197550904006,0.00015191298734862357,0.0
40.0,274,RMP,optimized,0.0005081260023871437,4.3176027247682214e-05,2.56370403803885e-05,0.00011944700963795185,0.00012988998787477612,0.00011131702922284603
40.0,275,RMP,baseline,0.0011952230124734342,5.5257027270272374e-05,3.9141959859989583e-05,0.0004381580074550584,0.00018253900634590536,0.0
40.0,275,RMP,optimized,0.0005401529924711213,4.4634012738242745e-05,2.8025955543853343e-05,0.00012776401126757264,0.00013617002696264535,0.00011696398723870516
40.0,276,RMP,baseline,0.0012804900034097955,6.196294270921499e-05,4.561999230645597e-05,0.0004443210200406611,0.00027040897111874074,0.0
40.0,276,RMP,optimized,0.0006277749926084653,4.8412970500066876e-05,2.9983013519085944e-05,0.00013930904970038682,0.00018371301121078432,0.00013680197298526764
40.0,277,RMP,baseline,0.0010793520050356165,6.059001316316426e-05,3.623300290200859e-05,0.0004102889506611973,0.00016243703430518508,0.0
40.0,277,RMP,optimized,0.0005921330011915416,5.557604890782386e-05,4.096799239050597e-05,0.00012911496742162853,0.0001536920026410371,0.0001212799979839474
40.0,278,RMP,baseline,0.0010100840008817613,4.7286011977121234e-05,3.274202754255384e-05,0.00040915500721894205,0.00014373597514349967,0.0
40.0,278,RMP,optimized,0.0006955150020075962,5.4400035878643394e-05,3.3703967346809804e-05,0.00014008300786372274,0.0001821369951358065,0.00013451497943606228
40.0,279,RMP,baseline,0.002031445997999981,0.00010217599628958851,6.124698847997934e-05,0.0008415660267928615,0.00029611999343615025,0.0
40.0,279,RMP,optimized,0.000573465003981255,5.947602039668709e-05,2.8852009563706815e-05,0.00012577002053149045,0.0001542810205137357,0.00011986101162619889
40.0,280,RMP,baseline,0.0010297940025338903,5.3006966481916606e-05,3.614999877754599e-05,0.0003978739841841161,0.00017593502707313746,0.0
40.0,280,RMP,optimized,0.0005703909992007539,4.505201650317758e-05,3.249799192417413e-05,0.00014505295257549733,0.0001420249609509483,0.0001164940040325746
40.0,281,RMP,baseline,0.0011260789906373248,0.00010930001735687256,3.8448022678494453e-05,0.00042554104584269226,0.00016141499509103596,0.0
40.0,281,RMP,optimized,0.0017342390056001022,0.00011013400217052549,8.635400445200503e-05,0.00034578103804960847,0.0006476789567386732,0.0003148320101900026
40.0,282,RMP,baseline,0.0010125189874088392,4.7967027057893574e-05,3.207002009730786e-05,0.00039735998143441975,0.0001645000302232802,0.0
40.0,282,RMP,optimized,0.0006480709998868406,4.9625043175183237e-05,4.4271015212871134e-05,0.00013717598631046712,0.00017345199012197554,0.0001305049954680726
40.0,283,RMP,baseline,0.0010998270008713007,5.918403621762991e-05,3.536499571055174e-05,0.00042553196544758976,0.00016745297762099653,0.0
40.0,283,RMP,optimized,0.0008480669930577278,8.204903861042112e-05,4.174299829173833e-05,0.00019163599063176662,0.00024268499691970646,0.00016938500630203635
40.0,284,RMP,baseline,0.00109592400258407,5.4518983233720064e-05,3.9293969166465104e-05,0.00043443198956083506,0.00015907100168988109,0.0
40.0,284,RMP,optimized,0.0006267350108828396,4.537096538115293e-05,2.8506998205557466e-05,0.00012845998571719974,0.00014802400255575776,0.00019036895537283272
40.0,285,RMP,baseline,0.0014812219887971878,9.39230085350573e-05,5.136099935043603e-05,0.0005389570142142475,0.00027654798759613186,0.0
40.0,285,RMP,optimized,0.0008410299924435094,6.0448001022450626e-05,3.916802234016359e-05,0.0002704619837459177,0.0002037599915638566,0.0001447960385121405
40.0,286,RMP,baseline,0.0017112390050897375,7.364401244558394e-05,6.175700400490314e-05,0.0007623910059919581,0.00024489597126375884,0.0
40.0,286,RMP,optimized,0.00059003900969401,4.760996671393514e-05,2.998893614858389e-05,0.00014450703747570515,0.00014472895418293774,0.00012911502562928945
40.0,287,RMP,baseline,0.001076504006050527,5.5869968491606414e-05,3.258003562223166e-05,0.00044805603101849556,0.00015824897855054587,0.0
40.0,287,RMP,optimized,0.0005310980050126091,5.330295243766159e-05,2.702997880987823e-05,0.00011503200221341103,0.00014058698434382677,0.00011340399214532226
40.0,288,RMP,baseline,0.0016824610065668821,8.496901136822999e-05,5.145599425304681e-05,0.0006402070430340245,0.0003044230252271518,0.0
40.0,288,RMP,optimized,0.0008695279975654557,9.244401007890701e-05,4.326301859691739e-05,0.00019214098574593663,0.0002291630080435425,0.00016470006085000932
40.0,289,RMP,baseline,0.0010202609992120415,5.9306941693648696e-05,3.332699998281896e-05,0.000389697976061143,0.0001617929810890928,0.0
40.0,289,RMP,optimized,0.0006143979990156367,7.206799637060612e-05,3.0350987799465656e-05,0.0001264740276383236,0.00015832603094168007,0.00012719798542093486
40.0,290,RMP,baseline,0.001204154992592521,5.505201988853514e-05,4.119297955185175e-05,0.00048674004210624844,0.00017296099395025522,0.0
40.0,290,RMP,optimized,0.0005570030043600127,4.4051994336768985e-05,2.820498775690794e-05,0.00013007299276068807,0.00013986698468215764,0.00012004902237094939
40.0,291,RMP,baseline,0.001011505999485962,6.08900299994275e-05,3.315103822387755e-05,0.0003856770053971559,0.00015463202726095915,0.0
40.0,291,RMP,optimized,0.0005707899981644005,5.5204989621415734e-05,4.1395003790967166e-05,0.00012125501234550029,0.00014658297004643828,0.00012108904775232077
40.0,292,RMP,baseline,0.001033667998854071,4.739795986097306e-05,3.591901622712612e-05,0.0004070399882039055,0.0001512040034867823,0.0
40.0,292,RMP,optimized,0.0006391899951267987,4.97069995617494e-05,4.841900954488665e-05,0.00013875102740712464,0.00015372096095234156,0.00014459301019087434
40.0,293,RMP,baseline,0.0011502889974508435,6.42240047454834e-05,3.784899308811873e-05,0.0004471669817576185,0.00017398298950865865,0.0
40.0,293,RMP,optimized,0.0005336320027709007,5.34290011273697e-05,2.6178997359238565e-05,0.00011683795310091227,0.00014116599049884826,0.00011275999713689089
40.0,294,RMP,baseline,0.0010273859952576458,4.777898720931262e-05,3.4380966098979115e-05,0.0004047630063723773,0.00014978098624851555,0.0
40.0,294,RMP,optimized,0.0005581379955401644,4.3822015868499875e-05,2.918200334534049e-05,0.0001246409519808367,0.00013966996630188078,0.00013769601355306804
40.0,295,RMP,baseline,0.0010850249964278191,5.9699974372051656e-05,3.275400376878679e-05,0.0003953989944420755,0.00020207099441904575,0.0
40.0,295,RMP,optimized,0.0005793650052510202,5.7491008192300797e-05,3.042099706362933e-05,0.00013149104779586196,0.00014970000484026968,0.00012103799963369966
40.0,296,RMP,baseline,0.0010515309986658394,4.880499909631908e-05,4.545498813968152e-05,0.00039614399429410696,0.0001869500265456736,0.0
40.0,296,RMP,optimized,0.0012511100067058578,5.3500974900089204e-05,0.0003406059986446053,0.00022175401682034135,0.0001934879837790504,0.00023966797743923962
40.0,297,RMP,baseline,0.0011370800057193264,6.298204243648797e-05,3.643093805294484e-05,0.00043417696724645793,0.00018038495909422636,0.0
40.0,297,RMP,optimized,0.0005429369921330363,5.561999569181353e-05,2.789802965708077e-05,0.0001203540014103055,0.00014444296539295465,0.0001144110137829557
40.0,298,RMP,baseline,0.0019811109959846362,7.631701009813696e-05,0.00018571900727692991,0.0007026279927231371,0.00030031497590243816,0.0
40.0,298,RMP,optimized,0.0006253339961403981,5.3113995818421245e-05,3.2983036362566054e-05,0.000145354017149657,0.00015166598313953727,0.00012859499838668853
40.0,299,RMP,baseline,0.0010849910031538457,5.74499717913568e-05,3.51869675796479e-05,0.00042709500121418387,0.00016206798318307847,0.0
40.0,299,RMP,optimized,0.0005131450016051531,5.199597217142582e-05,2.514597144909203e-05,0.00011125301534775645,0.00013579794904217124,0.0001078670029528439
clean,0,RMP,baseline,0.001360813999781385,5.677599983755499e-05,4.712800728157163e-05,0.0005897979572182521,0.0001952720049303025,0.0
clean,0,RMP,optimized,0.0005434350023278967,4.355802957434207e-05,2.811802551150322e-05,0.00012074004916939884,0.0001338000438408926,0.00011630698281805962
clean,1,RMP,baseline,0.0011544810113264248,7.049903797451407e-05,3.689802542794496e-05,0.00043889402877539396,0.0001854379806900397,0.0
clean,1,RMP,optimized,0.0006299060041783378,5.001795943826437e-05,3.21200059261173e-05,0.00016065702948253602,0.0001606940058991313,0.00013239898544270545
clean,2,RMP,baseline,0.0011663439945550635,6.665500404778868e-05,9.813104406930506e-05,0.00042119801219087094,0.00016930099809542298,0.0
clean,2,RMP,optimized,0.0005552170041482896,4.81329916510731e-05,3.05580033455044e-05,0.00012707502173725516,0.00014171001384966075,0.0001256550312973559
clean,3,RMP,baseline,0.0010280169954057783,5.09830133523792e-05,4.245096351951361e-05,0.0004108600114705041,0.0001493740128353238,0.0
clean,3,RMP,optimized,0.0005573849921347573,4.484802775550634e-05,2.9526956495828927e-05,0.00012300899834372103,0.00015940201410558075,0.00011785504466388375
clean,4,RMP,baseline,0.0010686940076993778,4.896502650808543e-05,4.5724998926743865e-05,0.00042157096322625875,0.0001518380013294518,0.0
clean,4,RMP,optimized,0.0006011630030116066,4.785202327184379e-05,3.357001696713269e-05,0.00015162001363933086,0.0001526260020909831,0.0001234649826074019
clean,5,RMP,baseline,0.0011082260025432333,5.3088966524228454e-05,3.806900349445641e-05,0.0004594009951688349,0.00015772397455293685,0.0
clean,5,RMP,optimized,0.0005667270015692338,4.529999569058418e-05,2.9543021810241044e-05,0.00014598200505133718,0.00014035699132364243,0.00011558896221686155
clean,6,RMP,baseline,0.0010658189858077094,5.170897929929197e-05,3.409897908568382e-05,0.0004293759848223999,0.00015867904585320503,0.0
clean,6,RMP,optimized,0.000558329003979452,4.4381056795828044e-05,2.906598092522472e-05,0.00012715098273474723,0.00013894002768211067,0.00013419597235042602
clean,7,RMP,baseline,0.0009851340000750497,4.930201976094395e-05,3.4739001421257854e-05,0.0003906099736923352,0.00014601301518268883,0.0
clean,7,RMP,optimized,0.0008694029966136441,0.00010281296272296458,6.188503175508231e-05,0.00018192699644714594,0.000174887987668626,0.0001825780054787174
clean,8,RMP,baseline,0.001127323994296603,6.412800576072186e-05,9.084599150810391e-05,0.0004163460253039375,0.00015833498036954552,0.0
clean,8,RMP,optimized,0.001332479005213827,9.099497401621193e-05,7.783898035995662e-05,0.00032524403650313616,0.0003216369805159047,0.00020791303541045636
clean,9,RMP,baseline,0.0010517040063859895,4.987503052689135e-05,4.34219982707873e-05,0.0004235540109220892,0.0001534619805170223,0.0
clean,9,RMP,optimized,0.0005142190057085827,4.4084968976676464e-05,2.7418980607762933e-05,0.00011937097588088363,0.00013125900295563042,0.00011284500942565501
clean,10,RMP,baseline,0.0013111720036249608,5.6791992392390966e-05,4.2935003875754774e-05,0.0004927729751216248,0.000234824008657597,0.0
clean,10,RMP,optimized,0.000986504994216375,5.939698894508183e-05,4.67710051452741e-05,0.00021279996144585311,0.00030018400866538286,0.00016201499965973198
clean,11,RMP,baseline,0.0011443370021879673,5.0622038543224335e-05,3.60029807779938e-05,0.00047486899711657315,0.00017129300977103412,0.0
clean,11,RMP,optimized,0.000979404998361133,7.43409909773618e-05,5.208799848333001e-05,0.0002463620185153559,0.0002461470430716872,0.00017793197184801102
clean,12,RMP,baseline,0.0011315410083625466,5.2813993534073234e-05,3.610899148043245e-05,0.00042485097947064787,0.00016873098502401263,0.0
clean,12,RMP,optimized,0.0005243900086497888,4.4323038309812546e-05,3.429900971241295e-05,0.00011956703383475542,0.00013384499470703304,0.0001113019825424999
clean,13,RMP,baseline,0.002080496007693,0.00010899303015321493,7.628899766132236e-05,0.0007599139789817855,0.0004591639735735953,0.0
clean,13,RMP,optimized,0.0006402340077329427,4.678699770011008e-05,3.1777992262504995e-05,0.00015213801816571504,0.00015010201605036855,0.0001426910312147811
clean,14,RMP,baseline,0.0010112900054082274,5.011398752685636e-05,3.4294978831894696e-05,0.0003949250531150028,0.0001499099744250998,0.0
clean,14,RMP,optimized,0.0005550089990720153,4.557998909149319e-05,2.9117014491930604e-05,0.0001393949642078951,0.00013923397636972368,0.0001160559622803703
clean,15,RMP,baseline,0.0020216580014675856,6.261099770199507e-05,5.514900840353221e-05,0.0006442329904530197,0.00027291894366499037,0.0
clean,15,RMP,optimized,0.00052931800018996,4.491100844461471e-05,2.7910995413549244e-05,0.00012549603707157075,0.00013431001571007073,0.00011628797801677138
clean,16,RMP,baseline,0.0010674009972717613,4.977802745997906e-05,3.567602834664285e-05,0.0004151490138610825,0.00016294805391225964,0.0
clean,16,RMP,optimized,0.0005972570070298389,4.822002665605396e-05,3.118196036666632e-05,0.00013271902571432292,0.00016921598580665886,0.00012945399794261903
clean,17,RMP,baseline,0.0011269349924987182,5.2090996177867055e-05,3.8461992517113686e-05,0.00044174502545502037,0.00018141399777960032,0.0
clean,17,RMP,optimized,0.000535336002940312,4.852200800087303e-05,2.949102781713009e-05,0.00012467402848415077,0.00013846102228853852,0.00011587797780521214
clean,18,RMP,baseline,0.001129595999373123,5.5587064707651734e-05,3.8800935726612806e-05,0.0004648719768738374,0.00016355198749806732,0.0
clean,18,RMP,optimized,0.0005696559965144843,4.584103589877486e-05,2.9831004212610424e-05,0.00013024797954130918,0.00014351800200529397,0.000116519964649342
clean,19,RMP,baseline,0.0009903900063363835,6.231896986719221e-05,3.95359966205433e-05,0.00038399698678404093,0.0001462010113755241,0.0
clean,19,RMP,optimized,0.0005717060121241957,4.754000110551715e-05,4.26800106652081e-05,0.00012684700777754188,0.00014589699276257306,0.0001220629783347249
clean,20,RMP,baseline,0.0012121050094719976,5.676096770912409e-05,4.19739808421582e-05,0.0004633769713109359,0.00017582900181878358,0.0
clean,20,RMP,optimized,0.0005625530029647052,4.4158019591122866e-05,2.8816997655667365e-05,0.0001298469869652763,0.00013914999726694077,0.00012436803081072867
clean,21,RMP,baseline,0.001127784009440802,5.287094973027706e-05,5.036298534832895e-05,0.0004365050117485225,0.00018147299124393612,0.0
clean,21,RMP,optimized,0.0005772570002591237,5.110903293825686e-05,2.9892995371483266e-05,0.0001401930203428492,0.00015051699301693588,0.00012112298281863332
clean,22,RMP,baseline,0.0011050689936382696,5.070895713288337e-05,3.958297020290047e-05,0.00046658604696858674,0.00015709201397839934,0.0
clean,22,RMP,optimized,0.0005546969914576039,4.6228000428527594e-05,2.8762005968019366e-05,0.00013046497770119458,0.00013868299720343202,0.00012182698992546648
clean,23,RMP,baseline,0.001308546998188831,7.08569714333862e-05,4.1185980080626905e-05,0.0004903350200038403,0.00022308796178549528,0.0
clean,23,RMP,optimized,0.0005729420081479475,4.897998587694019e-05,3.7999998312443495e-05,0.000129393971292302,0.0001469990238547325,0.00012464303290471435
clean,24,RMP,baseline,0.0010349629883421585,4.864102811552584e-05,4.378202720545232e-05,0.00039294897578656673,0.00014220699085853994,0.0
clean,24,RMP,optimized,0.0005682370101567358,5.13949926244095e-05,3.066298086196184e-05,0.00012978797894902527,0.0001450019917683676,0.00012523301120381802
clean,25,RMP,baseline,0.0010380699968663976,4.875101149082184e-05,3.3926989999599755e-05,0.00043522199848666787,0.00014524100697599351,0.0
clean,25,RMP,optimized,0.0005132560036145151,4.4289990910328925e-05,2.7284040697850287e-05,0.00011967400496359915,0.0001316299894824624,0.00011229100346099585
clean,26,RMP,baseline,0.0010681730054784566,5.241594044491649e-05,3.5029996070079505e-05,0.00042487497557885945,0.00015686200640629977,0.0
clean,26,RMP,optimized,0.0005234569980530068,4.4979024096392095e-05,3.103696508333087e-05,0.00011884300329256803,0.00013510299322661012,0.00011528799950610846
clean,27,RMP,baseline,0.0010754800023278221,5.1320079364813864e-05,3.688497235998511e-05,0.00043460998858790845,0.00015998400340322405,0.0
clean,27,RMP,optimized,0.0005685049982275814,4.902100772596896e-05,3.164296504110098e-05,0.00013146299170330167,0.00014515899238176644,0.00011920601536985487
clean,28,RMP,baseline,0.0014601610018871725,6.234896136447787e-05,6.335900980047882e-05,0.0005155800608918071,0.0002206339850090444,0.0
clean,28,RMP,optimized,0.0005661339964717627,4.660598642658442e-05,3.5744000342674553e-05,0.00013096000475343317,0.00014325395750347525,0.00012098198931198567
clean,29,RMP,baseline,0.0010162830003537238,4.9426977057009935e-05,4.809001984540373e-05,0.0003956639993702993,0.0001504740066593513,0.0
clean,29,RMP,optimized,0.0005543199949897826,4.730797081720084e-05,2.8095004381611943e-05,0.00013105099787935615,0.00013803099864162505,0.00011772295692935586
clean,30,RMP,baseline,0.0010589800076559186,4.886997339781374e-05,4.238296241965145e-05,0.0004245739692123607,0.0001541579986223951,0.0
clean,30,RMP,optimized,0.0005708300013793632,4.671196802519262e-05,3.1698960810899734e-05,0.00012473099923226982,0.00014486399595625699,0.00014255197311285883
clean,31,RMP,baseline,0.0013399820018094033,6.298399239312857e-05,4.852298297919333e-05,0.0004887039685854688,0.00021482002921402454,0.0
clean,31,RMP,optimized,0.0009157270105788484,8.25850002001971e-05,4.775001434609294e-05,0.00020997502724640071,0.0002062430139631033,0.0002350670110899955
clean,32,RMP,baseline,0.0010199139942415059,4.836500738747418e-05,3.495100827421993e-05,0.00039946005563251674,0.00015042195445857942,0.0
clean,32,RMP,optimized,0.0006243270036065951,7.025701052043587e-05,3.2612981158308685e-05,0.00013168301666155457,0.00014791396097280085,0.00012105199857614934
clean,33,RMP,baseline,0.000960607998422347,4.7293040552176535e-05,3.0604045605286956e-05,0.0003843009762931615,0.00014120098785497248,0.0
clean,33,RMP,optimized,0.0005762970104115084,6.128501263447106e-05,3.1243995181284845e-05,0.0001287849881919101,0.00014347296382766217,0.00012495703413151205
clean,34,RMP,baseline,0.0012873870000476018,5.784197128377855e-05,4.048897244501859e-05,0.00044657292892225087,0.0002176480193156749,0.0
clean,34,RMP,optimized,0.0005966070020804182,4.732499655801803e-05,3.226197441108525e-05,0.00013999396469444036,0.0001501139922766015,0.00014038302469998598
clean,35,RMP,baseline,0.0010157109936699271,6.181102071423084e-05,3.923803160432726e-05,0.0003946200158679858,0.0001490520080551505,0.0
clean,35,RMP,optimized,0.0006454510003095493,6.612902507185936e-05,3.320598625577986e-05,0.00013433194544631988,0.00014689101953990757,0.00013033000868745148
clean,36,RMP,baseline,0.0010789990046760067,5.175502155907452e-05,3.639502392616123e-05,0.00039323799137491733,0.0001681059948168695,0.0
clean,36,RMP,optimized,0.0005643360054818913,4.481601354200393e-05,2.9367947718128562e-05,0.00014920896501280367,0.0001410359691362828,0.00011692196130752563
clean,37,RMP,baseline,0.0017463919939473271,7.181501132436097e-05,6.404299347195774e-05,0.0005225130298640579,0.0002544850140111521,0.0
clean,37,RMP,optimized,0.0007951209991006181,5.416400381363928e-05,3.947898221667856e-05,0.00017847800336312503,0.00017233901598956436,0.0002290529664605856
clean,38,RMP,baseline,0.0015725619887234643,7.081599324010313e-05,5.1543989684432745e-05,0.0005181719752727076,0.0002747180114965886,0.0
clean,38,RMP,optimized,0.0007396419969154522,5.472298653330654e-05,3.5999008105136454e-05,0.00018241695943288505,0.00016887298261281103,0.00015731295570731163
clean,39,RMP,baseline,0.0010992439929395914,5.17200242029503e-05,4.793898551724851e-05,0.0004244479932822287,0.00016238899843301624,0.0
clean,39,RMP,optimized,0.0006161630008136854,4.534698382485658e-05,3.7865014746785164e-05,0.00015713897300884128,0.0001658020046306774,0.0001165189896710217
clean,40,RMP,baseline,0.0020267370127839968,9.646399121265858e-05,0.00010146100248675793,0.0006654350145254284,0.00041769500239752233,0.0
clean,40,RMP,optimized,0.0007436700107064098,6.391499482560903e-05,3.7905992940068245e-05,0.00018568101222626865,0.00018440796702634543,0.0001517320197308436
clean,41,RMP,baseline,0.0010770140070235357,6.316795770544559e-05,4.340699524618685e-05,0.0004245309828547761,0.00015224001253955066,0.0
clean,41,RMP,optimized,0.0005235879943938926,4.5864973799325526e-05,2.829899312928319e-05,0.00012123801570851356,0.0001338780130026862,0.00011372503649909049
clean,42,RMP,baseline,0.0010803740005940199,5.4827993153594434e-05,3.8108963053673506e-05,0.00042716598545666784,0.00015739400987513363,0.0
clean,42,RMP,optimized,0.0005270959954941645,4.4164989958517253e-05,2.6478010113351047e-05,0.00011760003690142184,0.00014538700634147972,0.00011205601913388819
clean,43,RMP,baseline,0.0010458769975230098,4.878501931671053e-05,3.432702214922756e-05,0.00039350695442408323,0.00015515297127421945,0.0
clean,43,RMP,optimized,0.0006666059925919399,5.0937014748342335e-05,3.541696059983224e-05,0.0001353849656879902,0.00019526401592884213,0.00014620096771977842
clean,44,RMP,baseline,0.0012015689862892032,5.433495971374214e-05,4.055598401464522e-05,0.00047195397200994194,0.00018062195158563554,0.0
clean,44,RMP,optimized,0.0005859320081071928,4.772703687194735e-05,4.104200343135744e-05,0.00013467900862451643,0.00014429501607082784,0.00012157602759543806
clean,45,RMP,baseline,0.001277432995266281,5.883500853087753e-05,4.405701474752277e-05,0.0005424710107035935,0.0001874970184871927,0.0
clean,45,RMP,optimized,0.0005909830069867894,4.899800114799291e-05,3.132296842522919e-05,0.00014368101255968213,0.00014995396486483514,0.00012886601325590163
clean,46,RMP,baseline,0.001040436007315293,4.826900840271264e-05,3.581600321922451e-05,0.00041176300146616995,0.00015423200966324657,0.0
clean,46,RMP,optimized,0.0005548810004256666,5.4956020903773606e-05,3.0114984838292003e-05,0.0001263950252905488,0.00013993300672154874,0.00011885800631716847
clean,47,RMP,baseline,0.0010862000053748488,6.95530470693484e-05,3.816196112893522e-05,0.00042545702308416367,0.00015785201685503125,0.0
clean,47,RMP,optimized,0.0005313349975040182,4.628601891454309e-05,2.8426002245396376e-05,0.00012361897097434849,0.0001373110426357016,0.00011840199294965714
clean,48,RMP,baseline,0.0010216649970971048,5.090099875815213e-05,3.319798270240426e-05,0.0003952959959860891,0.0001533730246592313,0.0
clean,48,RMP,optimized,0.0005468159943120554,4.601996624842286e-05,2.8768015909008682e-05,0.00012332100595813245,0.00014602698502130806,0.00011901299876626581
clean,49,RMP,baseline,0.0010493150039110333,5.152299127075821e-05,3.475397534202784e-05,0.0004090529982931912,0.00016250295448116958,0.0
clean,49,RMP,optimized,0.0005458250088850036,4.407601954881102e-05,2.8138019843026996e-05,0.0001250109780812636,0.00013812098768539727,0.00012951699318364263
clean,50,RMP,baseline,0.0010025200026575476,4.75819397252053e-05,3.2208990887738764e-05,0.0003950509999413043,0.00015527798677794635,0.0
clean,50,RMP,optimized,0.0005336989997886121,4.401098703965545e-05,2.7089015929959714e-05,0.00011306401574984193,0.00013783002214040607,0.00012824300210922956
clean,51,RMP,baseline,0.0010082799999509007,4.799301677849144e-05,3.8313010009005666e-05,0.00040000598528422415,0.00014558195834979415,0.0
clean,51,RMP,optimized,0.0005752650031354278,4.600099055096507e-05,3.722499241121113e-05,0.00013551996380556375,0.00013981103256810457,0.00013061004574410617
clean,52,RMP,baseline,0.0010503369994694367,4.9714974011294544e-05,3.6232013371773064e-05,0.0004300739528844133,0.00015101098688319325,0.0
clean,52,RMP,optimized,0.0006493760010926053,4.7972003812901676e-05,3.18029779009521e-05,0.00014549100887961686,0.00016339198919013143,0.0001416209852322936
clean,53,RMP,baseline,0.0010307129996363074,4.915698082186282e-05,5.376897752285004e-05,0.0004061350045958534,0.00014817601186223328,0.0
clean,53,RMP,optimized,0.0005405109986895695,4.7406996600329876e-05,2.983905142173171e-05,0.00011927699961233884,0.00013777798449154943,0.00013043198850937188
clean,54,RMP,baseline,0.0011992520012427121,5.6255012168549e-05,3.9624006603844464e-05,0.0004894519806839526,0.00017493998166173697,0.0
clean,54,RMP,optimized,0.0005330089916242287,4.636896483134478e-05,2.8876980650238693e-05,0.00012136498116888106,0.000138678980874829,0.0001168790040537715
clean,55,RMP,baseline,0.0013749350036960095,5.0438029575161636e-05,4.376099968794733e-05,0.00045097099791746587,0.0002522779832361266,0.0
clean,55,RMP,optimized,0.0015382870042230934,7.508201815653592e-05,6.865699833724648e-05,0.00025751795328687876,0.0005361679941415787,0.0003114599676337093
clean,56,RMP,baseline,0.0012393609940772876,5.736900493502617e-05,3.810098860412836e-05,0.0005235730350250378,0.00018640601774677634,0.0
clean,56,RMP,optimized,0.0005440259992610663,4.3878942960873246e-05,2.6708003133535385e-05,0.00012139799946453422,0.00013689497427549213,0.00011637998977676034
clean,57,RMP,baseline,0.0022190079907886684,7.777698920108378e-05,7.395203283522278e-05,0.0007304230239242315,0.00035976200888399035,0.0
clean,57,RMP,optimized,0.0011291420087218285,8.379902283195406e-05,5.664699710905552e-05,0.0003090230020461604,0.00025368499336764216,0.00027665600646287203
clean,58,RMP,baseline,0.0012344059941824526,5.630198575090617e-05,4.058903141412884e-05,0.00045600398152600974,0.00020374800078570843,0.0
clean,58,RMP,optimized,0.0010033840080723166,8.763199730310589e-05,5.0956004997715354e-05,0.00018836902745533735,0.00033220299519598484,0.00018070003716275096
clean,59,RMP,baseline,0.0012392960052238777,5.1037975936196744e-05,4.1849983972497284e-05,0.00047330201778095216,0.00018888400518335402,0.0
clean,59,RMP,optimized,0.000869961004354991,6.840602145530283e-05,4.718203854281455e-05,0.0002020059764618054,0.00022682295821141452,0.00016731303185224533
clean,60,RMP,baseline,0.0018902120064012706,9.483596659265459e-05,6.488300277851522e-05,0.000792165010352619,0.00030821301334071904,0.0
clean,60,RMP,optimized,0.0006180759955896065,4.8255009460262954e-05,4.934995376970619e-05,0.00014840098447166383,0.00014913301856722683,0.00013041197962593287
clean,61,RMP,baseline,0.000989562991890125,4.855499719269574e-05,3.786403976846486e-05,0.00038681799196638167,0.00014955498045310378,0.0
clean,61,RMP,optimized,0.0005750739946961403,4.754202382173389e-05,3.159200423397124e-05,0.00012922599853482097,0.0001507489796495065,0.00011954603542108089
clean,62,RMP,baseline,0.00203734400565736,0.00014186801854521036,0.00011951602937188,0.0006868490017950535,0.00044115897617302835,0.0
clean,62,RMP,optimized,0.0006013009988237172,4.885498492512852e-05,3.145496884826571e-05,0.00014158901467453688,0.00015389398322440684,0.00012759501987602562
clean,63,RMP,baseline,0.001009849991532974,4.990998422726989e-05,3.450497752055526e-05,0.00039921396819408983,0.00016269105253741145,0.0
clean,63,RMP,optimized,0.0005387609999161214,4.4105967390351e-05,2.8207010473124683e-05,0.00012028697528876364,0.00013970000145491213,0.00011450200690887868
clean,64,RMP,baseline,0.00114794701221399,5.751197750214487e-05,4.084197280462831e-05,0.00046158100303728133,0.00016854600107762963,0.0
clean,64,RMP,optimized,0.0005865869898116216,4.749197978526354e-05,3.089199890382588e-05,0.000149028972373344,0.000146489983308129,0.00012465596955735236
clean,65,RMP,baseline,0.001592543994775042,8.896998770069331e-05,5.466298898681998e-05,0.0005579609860433266,0.00031225998827721924,0.0
clean,65,RMP,optimized,0.0007297760021174327,5.968799814581871e-05,3.844601451419294e-05,0.00015863098087720573,0.0001978899963432923,0.00013788601791020483
clean,66,RMP,baseline,0.0010086139955092221,4.81959868920967e-05,3.804898005910218e-05,0.00040921001345850527,0.00014630595978815109,0.0
clean,66,RMP,optimized,0.000559097999939695,5.873497866559774e-05,3.0174953280948102e-05,0.000122403958812356,0.00013837699953000993,0.00012801005505025387
clean,67,RMP,baseline,0.00198853098845575,0.00010237100650556386,6.271002348512411e-05,0.0007749149954179302,0.0004180440155323595,0.0
clean,67,RMP,optimized,0.0007538159989053383,4.781600728165358e-05,3.358797403052449e-05,0.0001633749925531447,0.00015067200001794845,0.00013026200758758932
clean,68,RMP,baseline,0.0010215130023425445,4.9448979552835226e-05,3.3011005143634975e-05,0.00041382496419828385,0.00014768698019906878,0.0
clean,68,RMP,optimized,0.0005957940011285245,4.944199463352561e-05,3.119299071840942e-05,0.00013409405073616654,0.00015049199282657355,0.00013420399045571685
clean,69,RMP,baseline,0.001098558001103811,5.4455987992696464e-05,3.879201540257782e-05,0.00044896898907609284,0.00015593500575050712,0.0
clean,69,RMP,optimized,0.000537012005224824,4.553697363007814e-05,2.82809924101457e-05,0.00012519200390670449,0.00014072100748308003,0.00011685500794555992
clean,70,RMP,baseline,0.001024825993226841,5.0198985263705254e-05,3.397400723770261e-05,0.00041801999032031745,0.00014775899762753397,0.0
clean,70,RMP,optimized,0.0005455399950733408,5.7721990742720664e-05,2.9425034881569445e-05,0.00012124699424020946,0.00013755701365880668,0.00011876600910909474
clean,71,RMP,baseline,0.0010577899956842884,4.962895764037967e-05,3.437299164943397e-05,0.0004056699981447309,0.000189590995432809,0.0
clean,71,RMP,optimized,0.0005999540007906035,4.94729756610468e-05,3.678101347759366e-05,0.0001393269922118634,0.0001509300054749474,0.0001278060517506674
clean,72,RMP,baseline,0.0010295370011590421,5.00830210512504e-05,5.0144008127972484e-05,0.00038645796303171664,0.0001506749977124855,0.0
clean,72,RMP,optimized,0.000582745997235179,4.446197999641299e-05,3.3948002965189517e-05,0.0001314790133619681,0.0001400909823132679,0.00014832697343081236
clean,73,RMP,baseline,0.0011095189984189346,5.477500963024795e-05,4.5863023842684925e-05,0.0004320339794503525,0.0001719419815344736,0.0
clean,73,RMP,optimized,0.0005716599989682436,4.818999150302261e-05,3.0844981665723026e-05,0.00013859596219845116,0.00014827799168415368,0.00012089399388059974
clean,74,RMP,baseline,0.00094607200298924,4.83219773741439e-05,3.150101110804826e-05,0.0003768990427488461,0.00014071498299017549,0.0
clean,74,RMP,optimized,0.0005147469928488135,4.32889792136848e-05,2.590299118310213e-05,0.00011240999447181821,0.0001294919493375346,0.00010913201549556106
clean,75,RMP,baseline,0.0012084629997843876,5.163899913895875e-05,4.068698035553098e-05,0.0004473359731491655,0.00024006499734241515,0.0
clean,75,RMP,optimized,0.0005134210077812895,4.501202784013003e-05,2.711400156840682e-05,0.00011760302004404366,0.0001374229759676382,0.00011242000618949533
clean,76,RMP,baseline,0.0009389440092490986,4.356401041150093e-05,2.9078975785523653e-05,0.00037767100729979575,0.00013654502981808037,0.0
clean,76,RMP,optimized,0.0005214980046730489,4.3674997868947685e-05,3.4668948501348495e-05,0.00011665999772958457,0.0001332270330749452,0.00011445503332652152
clean,77,RMP,baseline,0.0009754389902809635,6.333399505820125e-05,3.496001590974629e-05,0.00037383599556051195,0.00014159498095978051,0.0
clean,77,RMP,optimized,0.0004649879992939532,3.961502807214856e-05,2.5527042453177273e-05,0.00010387100337538868,0.00012225599493831396,0.0001019769988488406
clean,78,RMP,baseline,0.001033316002576612,4.8591013182885945e-05,4.614204226527363e-05,0.00041563500417396426,0.0001494319294579327,0.0
clean,78,RMP,optimized,0.00047636000090278685,4.068801354151219e-05,2.4728040443733335e-05,0.00010910304263234138,0.00012219704512972385,0.00010425499931443483
clean,79,RMP,baseline,0.0010236969974357635,4.8861984396353364e-05,3.6533980164676905e-05,0.00038958998629823327,0.00015546400391031057,0.0
clean,79,RMP,optimized,0.0004937019984936342,4.046002868562937e-05,2.6227993657812476e-05,0.00011688499944284558,0.00012557496665976942,0.00010826298967003822
clean,80,RMP,baseline,0.0008975539967650548,4.44250472355634e-05,3.0117007554508746e-05,0.00036006400478072464,0.00013175098865758628,0.0
clean,80,RMP,optimized,0.000529206998180598,4.2796964407898486e-05,2.922701241914183e-05,0.00011882402759511024,0.0001456649915780872,0.00011045993596781045
clean,81,RMP,baseline,0.0009497809951426461,4.458401235751808e-05,3.132701385766268e-05,0.0003748509625438601,0.00014139099221210927,0.0
clean,81,RMP,optimized,0.0004737229901365936,4.023697692900896e-05,3.065301280003041e-05,0.00010653503704816103,0.00012154900468885899,0.00010404303611721843
clean,82,RMP,baseline,0.001005852987873368,4.514500324148685e-05,3.8660975405946374e-05,0.0003861310251522809,0.00014722003834322095,0.0
clean,82,RMP,optimized,0.001488238005549647,0.00012055295519530773,7.502296648453921e-05,0.00032379703770857304,0.0003410010249353945,0.0004179300012765452
clean,83,RMP,baseline,0.0008929110044846311,4.3701016693376005e-05,3.510196984279901e-05,0.00034440899617038667,0.00012999901082366705,0.0
clean,83,RMP,optimized,0.0004877129977103323,4.163000266999006e-05,2.8376016416586936e-05,0.00010830999235622585,0.00012511201202869415,0.00010977999772876501
clean,84,RMP,baseline,0.0015840659907553345,5.577197589445859e-05,4.894302401226014e-05,0.0007274860108736902,0.00021668500266969204,0.0
clean,84,RMP,optimized,0.0007304859900614247,0.0001005289814202115,4.606397124007344e-05,0.00016090298595372587,0.0001580319949425757,0.00015127500228118151
clean,85,RMP,baseline,0.0017426319973310456,7.306100451387465e-05,5.8769044699147344e-05,0.0006791029882151634,0.000287343020318076,0.0
clean,85,RMP,optimized,0.0008057999948505312,7.353995169978589e-05,4.166600410826504e-05,0.000178212983882986,0.0002291420241817832,0.00014970097981858999
clean,86,RMP,baseline,0.000961994010140188,4.4769010855816305e-05,3.190003917552531e-05,0.00039217200537677854,0.00013734101958107203,0.0
clean,86,RMP,optimized,0.0004601310065481812,3.9928025216795504e-05,2.445996506139636e-05,0.00010577299690339714,0.00012064899783581495,0.00010090602154377848
clean,87,RMP,baseline,0.0013087450060993433,6.494499393738806e-05,4.736801201943308e-05,0.0004745459882542491,0.00022827605425845832,0.0
clean,87,RMP,optimized,0.0005398310022428632,4.497704503592104e-05,2.8770009521394968e-05,0.00012957800936419517,0.00013715302338823676,0.0001162330008810386
clean,88,RMP,baseline,0.0008717040036572143,4.3364998418837786e-05,3.3127013011835515e-05,0.00034651100577320904,0.000128033003420569,0.0
clean,88,RMP,optimized,0.0005593460082309321,9.035399125423282e-05,3.1456962460651994e-05,0.00011593803355935961,0.000125946055050008,0.00011448803707025945
clean,89,RMP,baseline,0.0011574939999263734,5.1048045861534774e-05,3.926594217773527e-05,0.0004094749892828986,0.0001742430031299591,0.0
clean,89,RMP,optimized,0.0004795549903064966,4.013502621091902e-05,2.5602043024264276e-05,0.00011292801355011761,0.00012353899364825338,0.00010317405394744128
clean,90,RMP,baseline,0.0009288970031775534,4.443898797035217e-05,3.094400744885206e-05,0.000359587007551454,0.00013870801194570959,0.0
clean,90,RMP,optimized,0.0004961800004821271,4.143500700592995e-05,2.5885936338454485e-05,0.00011891702888533473,0.00012562899792101234,0.00010554198524914682
clean,91,RMP,baseline,0.000943715000175871,4.921498475596309e-05,3.218498022761196e-05,0.0003785650187637657,0.00013657798990607262,0.0
clean,91,RMP,optimized,0.0004902070068055764,4.126799467485398e-05,2.6717985747382045e-05,0.00011167301272507757,0.00012689101276919246,0.0001068210112862289
clean,92,RMP,baseline,0.0009611389978090301,4.499201895669103e-05,4.861502384301275e-05,0.0003688480064738542,0.0001392380363540724,0.0
clean,92,RMP,optimized,0.0005043950077379122,4.1210034396499395e-05,3.699194348882884e-05,0.00011986900062765926,0.00012396099918987602,0.0001070469879778102
clean,93,RMP,baseline,0.0009026299958350137,4.394797724671662e-05,2.89670133497566e-05,0.00035867499536834657,0.000132438974105753,0.0
clean,93,RMP,optimized,0.0005228630034253001,4.213700594846159e-05,2.8412978281266987e-05,0.00011619497672654688,0.00013905497326049954,0.00012138996680732816
clean,94,RMP,baseline,0.0011171700025442988,4.871499550063163e-05,3.492203541100025e-05,0.0004204559954814613,0.00015939401055220515,0.0
clean,94,RMP,optimized,0.0004780309973284602,4.16550028603524e-05,2.419301017653197e-05,0.00011042699043173343,0.0001241320132976398,0.00010465500236023217
clean,95,RMP,baseline,0.0010961980005959049,5.6572986068204045e-05,5.545800377149135e-05,0.0004144009872106835,0.00018786799046210945,0.0
clean,95,RMP,optimized,0.0011149670026497915,8.130200149025768e-05,6.264400144573301e-05,0.00031226497958414257,0.0002793739695334807,0.0001912909938255325
clean,96,RMP,baseline,0.0008836609922582284,4.325404006522149e-05,2.8264985303394496e-05,0.0003586820384953171,0.00012866604083683342,0.0
clean,96,RMP,optimized,0.0005144390015630051,4.535198968369514e-05,2.707302337512374e-05,0.00011431796883698553,0.00012638900079764426,0.0001223939616465941
clean,97,RMP,baseline,0.0011784369999077171,9.339400276076049e-05,3.993097925558686e-05,0.00043801600986626,0.00018314900808036327,0.0
clean,97,RMP,optimized,0.0006336420046864077,4.566898860502988e-05,6.486603524535894e-05,0.00015456094115506858,0.00014080095570534468,0.00013489299453794956
clean,98,RMP,baseline,0.0009528619993943721,4.444400838110596e-05,3.214800381101668e-05,0.00038421901990659535,0.00014838197967037559,0.0
clean,98,RMP,optimized,0.0004573240003082901,4.0188009734265506e-05,2.55839986493811e-05,0.0001042420044541359,0.00012045996845699847,0.00010137799836229533
clean,99,RMP,baseline,0.0009369910112582147,4.437602183315903e-05,2.9278031433932483e-05,0.00036259600892663,0.0001383129711030051,0.0
clean,99,RMP,optimized,0.0005045279976911843,4.067199188284576e-05,2.6357040042057633e-05,0.0001143120025517419,0.00013006101653445512,0.00010737094271462411
clean,100,RMP,baseline,0.0012463349994504824,5.106297612655908e-05,5.166299524717033e-05,0.0004735420079668984,0.0001872650027507916,0.0
clean,100,RMP,optimized,0.0007265910098794848,4.8634028644301e-05,3.243297396693379e-05,0.0001482920051785186,0.0001625469740247354,0.00013353399117477238
clean,101,RMP,baseline,0.0009231010044459254,4.4786022044718266e-05,3.082498733419925e-05,0.0003669230063678697,0.00013763000606559217,0.0
clean,101,RMP,optimized,0.00047050499415490776,4.1324979974888265e-05,2.5015993742272258e-05,0.00010757299605756998,0.0001224349980475381,0.00010046405077446252
clean,102,RMP,baseline,0.0015198000037344173,6.210901483427733e-05,5.051303014624864e-05,0.000659089011605829,0.00025578799250070006,0.0
clean,102,RMP,optimized,0.0006186429964145645,5.44410286238417e-05,3.3653981518000364e-05,0.00014623798779211938,0.00015928401262499392,0.00013113599561620504
clean,103,RMP,baseline,0.0009800779953366145,4.9046953790821135e-05,3.1324991141445935e-05,0.0003891109809046611,0.00014658499276265502,0.0
clean,103,RMP,optimized,0.0005488689930643886,4.63749747723341e-05,4.0872968384064734e-05,0.0001220829872181639,0.00013834901619702578,0.00012036702537443489
clean,104,RMP,baseline,0.0011590640060603619,5.828602297697216e-05,4.149299638811499e-05,0.00044215001980774105,0.00018407998140901327,0.0
clean,104,RMP,optimized,0.0005679960013367236,4.575496132019907e-05,2.731697168201208e-05,0.00012879898713435978,0.0001360199967166409,0.00012634902668651193
clean,105,RMP,baseline,0.0013162929972168058,6.213899177964777e-05,4.3198029743507504e-05,0.000448516002506949,0.00020861900702584535,0.0
clean,105,RMP,optimized,0.0011426869896240532,9.339400276076049e-05,5.634303670376539e-05,0.0002346369728911668,0.0002332459989702329,0.00018018600530922413
clean,106,RMP,baseline,0.0009803840075619519,4.367200017441064e-05,2.9888979042880237e-05,0.00042744900565594435,0.00013599499652627856,0.0
clean,106,RMP,optimized,0.0004825020005227998,4.032099968753755e-05,2.501794369891286e-05,0.00011355298920534551,0.00012358998355921358,0.00010468401887919754
clean,107,RMP,baseline,0.00164726898947265,0.00010239701077807695,7.342101889662445e-05,0.0006238970090635121,0.00027996998687740415,0.0
clean,107,RMP,optimized,0.0005942639982094988,4.8300993512384593e-05,3.037598798982799e-05,0.0001411310222465545,0.00014335199375636876,0.0001416300074197352
clean,108,RMP,baseline,0.0010072400036733598,4.829301906283945e-05,3.8561978726647794e-05,0.0004001359920948744,0.00014798901975154877,0.0
clean,108,RMP,optimized,0.0005147079937160015,4.174099012743682e-05,3.1041010515764356e-05,0.00010974101314786822,0.00013420300092548132,0.0001128710136981681
clean,109,RMP,baseline,0.0010779829899547622,6.059801671653986e-05,3.666698466986418e-05,0.00042650899558793753,0.00015679099305998534,0.0
clean,109,RMP,optimized,0.0005958620022283867,4.6531014959327877e-05,2.9160015401430428e-05,0.00017792299331631511,0.0001446100213797763,0.00011744895891752094
clean,110,RMP,baseline,0.0009982260089600459,4.9498004955239594e-05,3.2060983357951045e-05,0.00038920200313441455,0.00015464700118172914,0.0
clean,110,RMP,optimized,0.0006743090052623302,4.8764020903036e-05,3.2678013667464256e-05,0.00013873398711439222,0.00018340701353736222,0.00016114907339215279
clean,111,RMP,baseline,0.0010186610015807673,4.635207005776465e-05,3.3885007724165916e-05,0.000406298044254072,0.00015192200953606516,0.0
clean,111,RMP,optimized,0.0005003800033591688,4.305104084778577e-05,2.7101021260023117e-05,0.00011423902469687164,0.00013081396173220128,0.00010758900316432118
clean,112,RMP,baseline,0.000919616999453865,4.3970023398287594e-05,2.8541995561681688e-05,0.00037426798371598125,0.00013414300337899476,0.0
clean,112,RMP,optimized,0.0006153779977466911,4.2499988921917975e-05,2.8148991987109184e-05,0.00020370297715999186,0.00014380700304172933,0.00011151103535667062
clean,113,RMP,baseline,0.000915803000680171,4.378498124424368e-05,2.9243004973977804e-05,0.000358224002411589,0.00013646302977576852,0.0
clean,113,RMP,optimized,0.0004926070105284452,4.067699774168432e-05,2.9615024686791003e-05,0.00011183792958036065,0.00012314597552176565,0.0001129580195993185
clean,114,RMP,baseline,0.0010190220054937527,4.8483008868061006e-05,4.5164983021095395e-05,0.0003894969850080088,0.00014768804248888046,0.0
clean,114,RMP,optimized,0.0005090699996799231,4.439301847014576e-05,2.6721012545749545e-05,0.00011685598292388022,0.0001301159936701879,0.00011551198258530349
clean,115,RMP,baseline,0.0010283980082022026,4.5311011490412056e-05,4.4838961912319064e-05,0.00043168697447981685,0.00014050197205506265,0.0
clean,115,RMP,optimized,0.0004717289994005114,4.025000089313835e-05,2.5829998776316643e-05,0.0001093969913199544,0.00012169998080935329,0.00010453502181917429
clean,116,RMP,baseline,0.0010825280041899532,4.973899922333658e-05,5.055802466813475e-05,0.000410258027841337,0.00018199199985247105,0.0
clean,116,RMP,optimized,0.0005363160016713664,4.419399192556739e-05,3.246798587497324e-05,0.00012244896788615733,0.0001481240033172071,0.00011209501826670021
clean,117,RMP,baseline,0.0009588079992681742,4.544599505607039e-05,3.158497565891594e-05,0.0003807229804806411,0.00014220098091755062,0.0
clean,117,RMP,optimized,0.00046937199658714235,4.096895281691104e-05,2.682699414435774e-05,0.00010753802780527622,0.000120597003842704,0.00010092002048622817
clean,118,RMP,baseline,0.0010320680012227967,4.545098636299372e-05,3.496502176858485e-05,0.0003968290111515671,0.00014571798965334892,0.0
clean,118,RMP,optimized,0.0004576179926516488,3.988806565757841e-05,2.4313005269505084e-05,0.00010451798152644187,0.00011925603030249476,0.00010124198161065578
clean,119,RMP,baseline,0.0009360130061395466,4.723000165540725e-05,3.402895526960492e-05,0.00036160800664220005,0.00013698902330361307,0.0
clean,119,RMP,optimized,0.0005216120043769479,4.187798185739666e-05,4.354299744591117e-05,0.00011640800221357495,0.00012961898755747825,0.00011259400343988091
clean,120,RMP,baseline,0.0009074749978026375,4.3571009882725775e-05,3.0253009754233062e-05,0.00035558899980969727,0.00013479300832841545,0.0
clean,120,RMP,optimized,0.0004937039921060205,4.1817023884505033e-05,3.6833997000940144e-05,0.00010887999087572098,0.0001250409841304645,0.00010333499812986702
clean,121,RMP,baseline,0.0010376269929111004,4.583998816087842e-05,3.277100040577352e-05,0.0003733540215762332,0.00020898095681332052,0.0
clean,121,RMP,optimized,0.00048492298810742795,4.119098593946546e-05,2.5995992473326623e-05,0.00011357197945471853,0.00012626097304746509,0.00010431899863760918
clean,122,RMP,baseline,0.0013479619956342503,6.690595182590187e-05,4.904904926661402e-05,0.0005097930115880445,0.0002267959644086659,0.0
clean,122,RMP,optimized,0.001077442997484468,5.570496432483196e-05,5.194501136429608e-05,0.00037692603655159473,0.00027940898144152015,0.0001594540517544374
clean,123,RMP,baseline,0.0009308950102422386,4.436899325810373e-05,3.2087002182379365e-05,0.0003495139826554805,0.00015016402176115662,0.0
clean,123,RMP,optimized,0.00047579300007782876,4.058101330883801e-05,2.4774009943939745e-05,0.00011110605555586517,0.00012206901737954468,0.0001034240412991494
clean,124,RMP,baseline,0.0009940269956132397,4.689898923970759e-05,3.185802779626101e-05,0.00040277001971844584,0.00014959604595787823,0.0
clean,124,RMP,optimized,0.000609221009653993,5.223897460382432e-05,4.654699296224862e-05,0.00012601596245076507,0.00017693298286758363,0.00012169594992883503
clean,125,RMP,baseline,0.0011401660012779757,5.902399425394833e-05,5.615601548925042e-05,0.0004086310073034838,0.00017779100744519383,0.0
clean,125,RMP,optimized,0.0005460840038722381,5.603700992651284e-05,2.7471993234939873e-05,0.00012869002239312977,0.00014288499369286,0.00011559599079191685
clean,126,RMP,baseline,0.0009341440018033609,4.4647022150456905e-05,3.490103699732572e-05,0.0003758509847102687,0.00013548298738896847,0.0
clean,126,RMP,optimized,0.000511905993334949,4.317100683692843e-05,2.7726986445486546e-05,0.00011581199942156672,0.00014448001456912607,0.00010900000052060932
clean,127,RMP,baseline,0.0009416230022907257,5.214399425312877e-05,3.196000761818141e-05,0.0003643300151452422,0.00014328105316963047,0.0
clean,127,RMP,optimized,0.0006007589981891215,5.5227981647476554e-05,3.231401205994189e-05,0.00014592202205676585,0.0001550549641251564,0.00011670500680338591
clean,128,RMP,baseline,0.0009244069951819256,4.5558990677818656e-05,3.1512012355960906e-05,0.00034939797478727996,0.00013951903383713216,0.0
clean,128,RMP,optimized,0.0005095569940749556,4.2696992750279605e-05,2.7659989427775145e-05,0.00011365397949703038,0.00013727402256336063,0.00011051799810957164
clean,129,RMP,baseline,0.0009583770006429404,5.2459959988482296e-05,3.181102511007339e-05,0.00035661701986100525,0.0001463029911974445,0.0
clean,129,RMP,optimized,0.0005430780001915991,6.320401735138148e-05,3.780999395530671e-05,0.00011390598956495523,0.0001366070209769532,0.00011001195525750518
clean,130,RMP,baseline,0.0009922519966494292,4.9488982767798007e-05,3.840004501398653e-05,0.0003888720239046961,0.00014680200547445565,0.0
clean,130,RMP,optimized,0.0004886969982180744,4.117096250411123e-05,2.5195011403411627e-05,0.00011048700253013521,0.0001244859886355698,0.0001110960147343576
clean,131,RMP,baseline,0.0011202440073248,6.0803984524682164e-05,3.9565013139508665e-05,0.0004221480048727244,0.00017754298460204154,0.0
clean,131,RMP,optimized,0.0006136010051704943,5.4426040151156485e-05,3.28659953083843e-05,0.00014788798580411822,0.00015235901810228825,0.00014467402070295066
clean,132,RMP,baseline,0.0009468299977015704,4.611400072462857e-05,3.356598608661443e-05,0.00037448000512085855,0.0001455169840482995,0.0
clean,132,RMP,optimized,0.0004746449994854629,4.003105277661234e-05,2.455103094689548e-05,0.00011040196113754064,0.00012158299796283245,0.00010492198634892702
clean,133,RMP,baseline,0.0010810359963215888,5.738901381846517e-05,0.00010772298264782876,0.00039393299084622413,0.00015634797455277294,0.0
clean,133,RMP,optimized,0.0005835769989062101,6.375103839673102e-05,3.0884984880685806e-05,0.00014051100879441947,0.0001467380061512813,0.00011562796134967357
clean,134,RMP,baseline,0.0012209790002088994,5.2297997171990573e-05,4.0085011278279126e-05,0.0005458790110424161,0.00016933202277868986,0.0
clean,134,RMP,optimized,0.0005697960004908964,4.5111955842003226e-05,2.8770024073310196e-05,0.00013203598791733384,0.00014204801118467003,0.00013221595145296305
clean,135,RMP,baseline,0.0009733250044519082,5.318899638950825e-05,4.559702938422561e-05,0.00037743498978670686,0.00014539901167154312,0.0
clean,135,RMP,optimized,0.0011331220011925325,0.00010712198854889721,5.629696534015238e-05,0.00021810494945384562,0.00036549102514982224,0.00018528997316025198
clean,136,RMP,baseline,0.001018144001136534,4.828401142731309e-05,4.4872998842038214e-05,0.00039461595588363707,0.00015939396689645946,0.0
clean,136,RMP,optimized,0.0005391870072344318,4.5757973566651344e-05,2.811900048982352e-05,0.0001229019690072164,0.00014022996765561402,0.0001191859773825854
clean,137,RMP,baseline,0.0009748960001161322,5.6134958867914975e-05,3.460896550677717e-05,0.00037079802132211626,0.0001641529961489141,0.0
clean,137,RMP,optimized,0.0005816559860249981,5.03399787703529e-05,2.4486012989655137e-05,0.00011169501522090286,0.00012932304525747895,0.000102830003015697
clean,138,RMP,baseline,0.0009951550018740818,5.828299617860466e-05,3.613998705986887e-05,0.0003913169784937054,0.00014425901463255286,0.0
clean,138,RMP,optimized,0.0004848409880651161,4.010600969195366e-05,2.4971013772301376e-05,0.00011166303011123091,0.00012451103248167783,0.00010930595453828573
clean,139,RMP,baseline,0.0009766199946170673,5.776499165222049e-05,3.4769982448779047e-05,0.0003748680028365925,0.00015902501763775945,0.0
clean,139,RMP,optimized,0.0005400569934863597,5.144497845321894e-05,2.7824993594549596e-05,0.00011716800509020686,0.0001506810076534748,0.00010882299102377146
clean,140,RMP,baseline,0.000957898999331519,4.6278961235657334e-05,3.1428033253178e-05,0.00038794301508460194,0.00014468500739894807,0.0
clean,140,RMP,optimized,0.0005404920084401965,4.090098082087934e-05,3.078898589592427e-05,0.00011529502808116376,0.00013275201490614563,0.00011684698984026909
clean,141,RMP,baseline,0.0009523890039417893,5.298801988828927e-05,3.65080195479095e-05,0.00035797398595605046,0.00014820798241999,0.0
clean,141,RMP,optimized,0.000509457997395657,6.111302354838699e-05,2.8445967473089695e-05,0.00011206298950128257,0.00013234801008366048,0.00010655399819370359
clean,142,RMP,baseline,0.000980894998065196,4.623098357114941e-05,3.220397047698498e-05,0.0004063560190843418,0.0001420279877493158,0.0
clean,142,RMP,optimized,0.00048487000458408147,3.99040145566687e-05,2.505401789676398e-05,0.00010803101758938283,0.00012034800602123141,0.00010202702833339572
clean,143,RMP,baseline,0.001281475997529924,6.406701868399978e-05,3.8825994124636054e-05,0.0005308350373525172,0.0001939279754878953,0.0
clean,143,RMP,optimized,0.0005231419927440584,5.297601455822587e-05,2.698400930967182e-05,0.00011487297888379544,0.0001448560069547966,0.00010800301970448345
clean,144,RMP,baseline,0.001011756990919821,4.955197800882161e-05,3.382698923815042e-05,0.000415637026890181,0.00014431799354497343,0.0
clean,144,RMP,optimized,0.0005466410075314343,4.444702062755823e-05,2.7856964152306318e-05,0.00012272398453205824,0.0001369919627904892,0.00011304700456093997
clean,145,RMP,baseline,0.0009726040007080883,5.489497561939061e-05,3.263093822170049e-05,0.0003520439495332539,0.00015499599976465106,0.0
clean,145,RMP,optimized,0.0005839510122314095,5.3114999900572e-05,3.3728007110767066e-05,0.0001245460007339716,0.00015426099707838148,0.0001319659932050854
clean,146,RMP,baseline,0.0009490730008110404,4.653898940887302e-05,3.013301466125995e-05,0.0003853309608530253,0.0001370779937133193,0.0
clean,146,RMP,optimized,0.0005577269912464544,4.1783059714362025e-05,2.6428999262861907e-05,0.00011809902207460254,0.00012949699885211885,0.00016512103320565075
clean,147,RMP,baseline,0.001083217008272186,5.143799353390932e-05,3.517200821079314e-05,0.0004532489983830601,0.00015910803631413728,0.0
clean,147,RMP,optimized,0.0004968030116287991,4.1368009988218546e-05,2.8718000976368785e-05,0.00011791204451583326,0.0001225369778694585,0.0001169540046248585
clean,148,RMP,baseline,0.0011229399970034137,5.138901178725064e-05,3.837398253381252e-05,0.00041144699207507074,0.0001830990076996386,0.0
clean,148,RMP,optimized,0.0005637349968310446,4.3930995161645114e-05,2.9206014005467296e-05,0.00015206504031084478,0.00014061102410778403,0.00011909796739928424
clean,149,RMP,baseline,0.0010352239914936945,5.944499571342021e-05,3.551201371010393e-05,0.0003840150311589241,0.00018242195073980838,0.0
clean,149,RMP,optimized,0.0005091759958304465,5.1262963097542524e-05,2.6843001251108944e-05,0.00011104899749625474,0.00013290801143739372,0.00010815703717526048
clean,150,RMP,baseline,0.0009630970016587526,4.4221014832146466e-05,3.0924027669243515e-05,0.00036681197525467724,0.0001432900025974959,0.0
clean,150,RMP,optimized,0.0006248740101000294,4.80629678349942e-05,3.0217983294278383e-05,0.00012088200310245156,0.00017377902986481786,0.00012108297960367054
clean,151,RMP,baseline,0.0010572229948593304,6.72069436404854e-05,3.4479977330192924e-05,0.00041178699757438153,0.00016384902119170874,0.0
clean,151,RMP,optimized,0.000722830998711288,5.4822012316435575e-05,3.1176983611658216e-05,0.00014295600703917444,0.00019724800949916244,0.00021294299222063273
clean,152,RMP,baseline,0.0009916350099956617,4.7765031922608614e-05,4.5936001697555184e-05,0.00038921898521948606,0.0001511330046923831,0.0
clean,152,RMP,optimized,0.0007248470064951107,7.299000571947545e-05,5.2673989557661116e-05,0.00016426296497229487,0.0001708109921310097,0.00014204802573658526
clean,153,RMP,baseline,0.0010221970005659387,5.54460275452584e-05,3.100497997365892e-05,0.0003922559990314767,0.00015261401131283492,0.0
clean,153,RMP,optimized,0.0004943370004184544,4.952898598276079e-05,2.5663975975476205e-05,0.00010777998249977827,0.00013085402315482497,0.00010377001308370382
clean,154,RMP,baseline,0.0010459299955982715,4.670699127018452e-05,3.448002098593861e-05,0.00039581296732649207,0.000169751001521945,0.0
clean,154,RMP,optimized,0.0005073220090707764,4.101102240383625e-05,2.6904002879746258e-05,0.0001133669720729813,0.00014011200983077288,0.0001061990624293685
clean,155,RMP,baseline,0.0013978630013298243,7.888799882493913e-05,4.51760133728385e-05,0.0004958180070389062,0.0002409959997748956,0.0
clean,155,RMP,optimized,0.0011718490131897852,0.00010268397454638034,5.1144990720786154e-05,0.00023543197312392294,0.0004049599956488237,0.0001886500249383971
clean,156,RMP,baseline,0.00099823200434912,4.7088004066608846e-05,3.634797758422792e-05,0.0003993199934484437,0.00014659603766631335,0.0
clean,156,RMP,optimized,0.0005406080017564818,4.309798532631248e-05,2.890302857849747e-05,0.00012230596621520817,0.00015140100731514394,0.00011580901627894491
clean,157,RMP,baseline,0.0011532720091054216,5.8752993936650455e-05,5.7770987041294575e-05,0.00045445900468621403,0.00017840300279203802,0.0
clean,157,RMP,optimized,0.0005472060001920909,5.2863979362882674e-05,2.8355003450997174e-05,0.00012889504432678223,0.0001446360256522894,0.00011844103573821485
clean,158,RMP,baseline,0.0021040999999968335,8.328603871632367e-05,7.701000140514225e-05,0.0008386660047108307,0.0003714259946718812,0.0
clean,158,RMP,optimized,0.0007129510049708188,4.433002322912216e-05,2.998403215315193e-05,0.00015281599189620465,0.000147298036608845,0.00023000701912678778
clean,159,RMP,baseline,0.000983026999165304,6.597700121346861e-05,4.019700281787664e-05,0.0003722029796335846,0.00015326301218010485,0.0
clean,159,RMP,optimized,0.0005117569962749258,4.9591995775699615e-05,2.5874949642457068e-05,0.00011065302533097565,0.00013606900756713003,0.00010460001067258418
clean,160,RMP,baseline,0.0010651699994923547,4.7188965254463255e-05,3.7089004763402045e-05,0.000398739954107441,0.00017763202777132392,0.0
clean,160,RMP,optimized,0.0005143650050740689,4.2135012336075306e-05,2.6982015697285533e-05,0.00011616504343692213,0.00013932598812971264,0.0001083249953808263
clean,161,RMP,baseline,0.0009792600030777976,5.4319039918482304e-05,3.35050281137228e-05,0.0003714810300152749,0.00015597802121192217,0.0
clean,161,RMP,optimized,0.0005637520080199465,5.196298297960311e-05,3.391997597645968e-05,0.00011744294897653162,0.00017192200175486505,0.00011120700219180435
clean,162,RMP,baseline,0.0019038640020880848,8.030998287722468e-05,5.765103560406715e-05,0.0006877220293972641,0.00031837997084949166,0.0
clean,162,RMP,optimized,0.000566552989766933,4.796698340214789e-05,3.136301529593766e-05,0.00013434895663522184,0.00014055798237677664,0.00012164995132479817
clean,163,RMP,baseline,0.001003262004815042,5.5661017540842295e-05,3.2674026442691684e-05,0.0003860390279442072,0.00015276900376193225,0.0
clean,163,RMP,optimized,0.0005235970020294189,4.973000613972545e-05,2.7002053684554994e-05,0.00011511701450217515,0.00013761402806267142,0.00010712999210227281
clean,164,RMP,baseline,0.0009059809963218868,4.570696910377592e-05,2.9808972612954676e-05,0.0003533589915605262,0.00014078299864195287,0.0
clean,164,RMP,optimized,0.0006440779980039224,4.658398393075913e-05,5.1263050409033895e-05,0.00013330898946151137,0.00016728004266042262,0.00012559606693685055
clean,165,RMP,baseline,0.001007406011922285,5.7522018323652446e-05,3.309294697828591e-05,0.00039851102337706834,0.00015919501311145723,0.0
clean,165,RMP,optimized,0.0015452830120921135,7.525799446739256e-05,5.7682060287334025e-05,0.0004861580237047747,0.00031169499561656266,0.00046844600001350045
clean,166,RMP,baseline,0.000977200994384475,4.820000322069973e-05,3.166799433529377e-05,0.0003803330037044361,0.00016089399287011474,0.0
clean,166,RMP,optimized,0.0004771029925905168,4.152799374423921e-05,2.460698306094855e-05,0.0001064730022335425,0.0001249960041604936,0.00010234201909042895
clean,167,RMP,baseline,0.001054648993886076,5.578399577643722e-05,4.479498602449894e-05,0.0004417409945745021,0.00015556704602204263,0.0
clean,167,RMP,optimized,0.0005138790002092719,5.21609908901155e-05,2.6384033844806254e-05,0.0001126379647757858,0.0001377350272377953,0.00010823800403159112
clean,168,RMP,baseline,0.0009403290023328736,4.521198570728302e-05,3.105502401012927e-05,0.0003871460066875443,0.00013728899648413062,0.0
clean,168,RMP,optimized,0.0005029499880038202,4.087602428626269e-05,2.6743029593490064e-05,0.00012310099555179477,0.00012845102173741907,0.00010640302207320929
clean,169,RMP,baseline,0.0009616180032026023,5.405997217167169e-05,3.432203084230423e-05,0.0003728039882844314,0.00016274501103907824,0.0
clean,169,RMP,optimized,0.0005309170082909986,4.98969602631405e-05,2.752798900473863e-05,0.00012728202273137867,0.00013933700392954051,0.00010694103548303246
clean,170,RMP,baseline,0.0010664279980119318,5.5395037634298205e-05,4.076698678545654e-05,0.0004019159823656082,0.0001580600073793903,0.0
clean,170,RMP,optimized,0.0005908229941269383,0.0001032659929478541,2.9104980058036745e-05,0.0001291040243813768,0.00012768599845003337,0.00011818596976809204
clean,171,RMP,baseline,0.001053288986440748,5.496801168192178e-05,3.516103606671095e-05,0.0004049729759572074,0.00015905400505289435,0.0
clean,171,RMP,optimized,0.0004893019940936938,5.4083982831798494e-05,2.519202826078981e-05,0.00010570496669970453,0.0001279749849345535,0.00010627802112139761
clean,172,RMP,baseline,0.0010013209976023063,4.713103407993913e-05,3.521003236528486e-05,0.0004007960087619722,0.00015066000923980027,0.0
clean,172,RMP,optimized,0.0004821680049644783,4.248098412062973e-05,2.435599162708968e-05,0.00011137897672597319,0.0001264389866264537,0.0001058759808074683
clean,173,RMP,baseline,0.0014780690107727423,6.900400330778211e-05,3.924901830032468e-05,0.0004568220319924876,0.0002450609754305333,0.0
clean,173,RMP,optimized,0.0008234779961640015,6.481200398411602e-05,4.317706043366343e-05,0.0001853400026448071,0.0002271570119773969,0.00014563498552888632
clean,174,RMP,baseline,0.0009140110050793737,4.414201248437166e-05,3.170700802002102e-05,0.0003573120338842273,0.00014307799574453384,0.0
clean,174,RMP,optimized,0.0004659690021071583,4.158900992479175e-05,2.4954977561719716e-05,0.00010724800813477486,0.0001224189472850412,0.00010075500176753849
clean,175,RMP,baseline,0.0010195830109296367,7.2605034802109e-05,3.7416015402413905e-05,0.00039067801844794303,0.00015611898561473936,0.0
clean,175,RMP,optimized,0.0006497180002043024,5.6364049669355154e-05,4.3239007936790586e-05,0.0001646979944780469,0.0001737640268402174,0.00012081701424904168
clean,176,RMP,baseline,0.001133109995862469,5.87750255363062e-05,3.643796662800014e-05,0.00040306602022610605,0.0001702289591776207,0.0
clean,176,RMP,optimized,0.0006243780080694705,4.634897049982101e-05,3.10400064336136e-05,0.0001734009711071849,0.0001533169561298564,0.00013417199079412967
clean,177,RMP,baseline,0.0010916369938058779,5.764898378401995e-05,3.674103936646134e-05,0.00042467802995815873,0.00016277898976113647,0.0
clean,177,RMP,optimized,0.000648720990284346,5.765397509094328e-05,4.668603651225567e-05,0.00012506100756581873,0.00014784492668695748,0.0001230149791808799
clean,178,RMP,baseline,0.0016178340010810643,8.272097329609096e-05,9.829299233388156e-05,0.0006290790042839944,0.00029475601331796497,0.0
clean,178,RMP,optimized,0.0006633250013692304,5.452196637634188e-05,3.461599408183247e-05,0.00014822400407865644,0.00018640101188793778,0.0001417609746567905
clean,179,RMP,baseline,0.0011006370041286573,5.66829985473305e-05,3.569696855265647e-05,0.0004490389983402565,0.0001610260078450665,0.0
clean,179,RMP,optimized,0.0004852249985560775,4.920701030641794e-05,2.5846995413303375e-05,0.00010744298924691975,0.00012921799498144537,0.0001031679566949606
clean,180,RMP,baseline,0.0009775689977686852,4.606203583534807e-05,3.425299655646086e-05,0.00038032897282391787,0.00014734198339283466,0.0
clean,180,RMP,optimized,0.0005125239986227825,4.3819978600367904e-05,2.7025991585105658e-05,0.00011521503620315343,0.00013654700887855142,0.00011581700528040528
clean,181,RMP,baseline,0.001011686006677337,6.0017991927452385e-05,3.432000812608749e-05,0.0003907089994754642,0.0001566199935041368,0.0
clean,181,RMP,optimized,0.0005423710099421442,5.313300061970949e-05,2.6865018298849463e-05,0.00012748100562021136,0.0001454699522582814,0.00011155799438711256
clean,182,RMP,baseline,0.0009793909994186834,4.58780414192006e-05,3.3132993848994374e-05,0.0003817370015894994,0.0001478220074204728,0.0
clean,182,RMP,optimized,0.000691783003276214,4.9623980885371566e-05,4.7592970076948404e-05,0.0001359910238534212,0.00023493405024055392,0.00012533202243503183
clean,183,RMP,baseline,0.0009982670017052442,7.315898255910724e-05,4.240201087668538e-05,0.0003802650317084044,0.00014738102618139237,0.0
clean,183,RMP,optimized,0.0005264159990474582,5.2428978960961103e-05,2.6382040232419968e-05,0.00011963203724008054,0.00014110602205619216,0.00011174396786373109
clean,184,RMP,baseline,0.001101189001929015,4.796501889359206e-05,3.7527031963691115e-05,0.0004424629732966423,0.00017754099098965526,0.0
clean,184,RMP,optimized,0.0014765780069865286,7.151301542762667e-05,0.00020921399118378758,0.00022091902792453766,0.00023952400078997016,0.0002548600023146719
clean,185,RMP,baseline,0.0011121959978481755,6.209498678799719e-05,3.795002703554928e-05,0.0004655090015148744,0.00017021200619637966,0.0
clean,185,RMP,optimized,0.0006028520001564175,5.592399975284934e-05,2.950002090074122e-05,0.00013037801545578986,0.0001850419503170997,0.00011898798402398825
clean,186,RMP,baseline,0.0015649170090910047,6.452701927628368e-05,4.77090070489794e-05,0.0005618860013782978,0.00024067498452495784,0.0
clean,186,RMP,optimized,0.000853764999192208,6.369399488903582e-05,5.314899317454547e-05,0.00019235604850109667,0.00023533198691438884,0.0001966820127563551
clean,187,RMP,baseline,0.00130152799829375,5.6401026085950434e-05,3.2759009627625346e-05,0.0004612209741026163,0.00030761600646656007,0.0
clean,187,RMP,optimized,0.0012113179982407019,8.371600415557623e-05,5.8457997511141e-05,0.0004032500000903383,0.00031396302802022547,0.00020848294661846012
clean,188,RMP,baseline,0.0009903760073939338,4.555901978164911e-05,4.123193502891809e-05,0.00037858998985029757,0.00014604699390474707,0.0
clean,188,RMP,optimized,0.00048758499906398356,4.242101567797363e-05,2.673298877198249e-05,0.00011234200792387128,0.00012474598770495504,0.00010860894690267742
clean,189,RMP,baseline,0.0009818419930525124,6.270600715652108e-05,4.612603515852243e-05,0.0003758260136237368,0.0001487799599999562,0.0
clean,189,RMP,optimized,0.0005305770027916878,5.0072980229742825e-05,2.669103560037911e-05,0.00012088596122339368,0.0001394069695379585,0.00010921104694716632
clean,190,RMP,baseline,0.001609687999007292,0.0001078620261978358,5.804501415695995e-05,0.0006090480019338429,0.0002601460291771218,0.0
clean,190,RMP,optimized,0.001001746000838466,0.00011379404168110341,6.18720514466986e-05,0.00026894202164839953,0.00020865201076958328,0.0002085490123135969
clean,191,RMP,baseline,0.001180134990136139,5.863401747774333e-05,3.718100197147578e-05,0.00042683198989834636,0.0001968939759535715,0.0
clean,191,RMP,optimized,0.0004937480116495863,4.9089998356066644e-05,2.549597411416471e-05,0.00010971601295750588,0.00013074999151285738,0.00010317504347767681
clean,192,RMP,baseline,0.0009748770098667592,4.755699774250388e-05,3.477798600215465e-05,0.00037368199264165014,0.00017083701095543802,0.0
clean,192,RMP,optimized,0.000500453999848105,4.3117033783346415e-05,2.7627000235952437e-05,0.00011348201951477677,0.00012619099288713187,0.00010823298362083733
clean,193,RMP,baseline,0.0017609310016268864,9.302503895014524e-05,4.970197915099561e-05,0.0004886970127699897,0.0002837250067386776,0.0
clean,193,RMP,optimized,0.0009120620088651776,6.667200068477541e-05,5.92610304011032e-05,0.00022587900457438082,0.00020774001313839108,0.000197472982108593
clean,194,RMP,baseline,0.0009964359924197197,4.5609980588778853e-05,3.541696059983224e-05,0.00037380198773462325,0.0001545330014778301,0.0
clean,194,RMP,optimized,0.0004860379995079711,4.090604488737881e-05,2.5888963136821985e-05,0.00011151299986522645,0.00012576401059050113,0.00010332804231438786
clean,195,RMP,baseline,0.0010507230035727844,4.87069773953408e-05,5.360599607229233e-05,0.0003843330196104944,0.00015095400158315897,0.0
clean,195,RMP,optimized,0.0005908769962843508,4.6773027861490846e-05,3.190498682670295e-05,0.00014846499834675342,0.0001546429848531261,0.00011901701509486884
clean,196,RMP,baseline,0.0009793310018721968,4.7135996283032e-05,3.6388024454936385e-05,0.00039801598177291453,0.0001426639937562868,0.0
clean,196,RMP,optimized,0.0008521699928678572,6.334697536658496e-05,7.611000910401344e-05,0.0002448050072416663,0.0001880549971247092,0.0001540069788461551
clean,197,RMP,baseline,0.0009931399981724098,4.640703264158219e-05,3.254094917792827e-05,0.00037478000740520656,0.00015860098937992007,0.0
clean,197,RMP,optimized,0.0005624219920719042,5.123796290718019e-05,2.976600080728531e-05,0.00012577601592056453,0.00013984802353661507,0.00011832798190880567
clean,198,RMP,baseline,0.0010524859972065315,5.167597555555403e-05,4.0440019802190363e-05,0.00039852201007306576,0.0001645839656703174,0.0
clean,198,RMP,optimized,0.0005504709988599643,4.621599509846419e-05,3.900198498740792e-05,0.00012329699529800564,0.00013958901399746537,0.00011469204036984593
clean,199,RMP,baseline,0.0009520680032437667,4.640998668037355e-05,3.837201802525669e-05,0.0003727049770532176,0.00014159402053337544,0.0
clean,199,RMP,optimized,0.000506896001752466,4.119295044802129e-05,2.5276996893808246e-05,0.00011475301289465278,0.00012892697122879326,0.00011915600043721497
clean,200,RMP,baseline,0.001069639009074308,5.066797893960029e-05,3.530099638737738e-05,0.0004230019694659859,0.00018216599710285664,0.0
clean,200,RMP,optimized,0.0005525580054381862,4.348695802036673e-05,2.723901707213372e-05,0.00012108196096960455,0.00013464101357385516,0.00014193398237694055
clean,201,RMP,baseline,0.0009511649986961856,5.850594607181847e-05,3.7933976273052394e-05,0.00037473496922757477,0.00013722394942305982,0.0
clean,201,RMP,optimized,0.0005440159875433892,4.194797656964511e-05,4.258901753928512e-05,0.00012017699191346765,0.00014241097960621119,0.00011525499576237053
clean,202,RMP,baseline,0.0010259289992973208,4.8636997235007584e-05,3.553999704308808e-05,0.00039689699769951403,0.00015506499039474875,0.0
clean,202,RMP,optimized,0.000543814996490255,4.2378989746794105e-05,2.9253977118059993e-05,0.00012255403271410614,0.00014365195238497108,0.00011716100561898202
clean,203,RMP,baseline,0.0013791359961032867,5.811601295135915e-05,4.601001273840666e-05,0.000503624978591688,0.00028289797774050385,0.0
clean,203,RMP,optimized,0.001124136004364118,7.35900248400867e-05,4.980101948603988e-05,0.00031002203468233347,0.00036578199069481343,0.00018481898587197065
clean,204,RMP,baseline,0.0010412019910290837,4.964998515788466e-05,3.459700383245945e-05,0.0004028050316264853,0.0001549169683130458,0.0
clean,204,RMP,optimized,0.0004899630002910271,4.1401959606446326e-05,2.7168018277734518e-05,0.00011201603047084063,0.0001289570063818246,0.00010418902093078941
clean,205,RMP,baseline,0.00099830400722567,4.861998604610562e-05,4.316402191761881e-05,0.00039809400914236903,0.0001498609926784411,0.0
clean,205,RMP,optimized,0.00048460200196132064,4.0862010791897774e-05,2.4920969735831022e-05,0.00010777197894640267,0.0001280290016438812,0.00010338400898035616
clean,206,RMP,baseline,0.0011914689966943115,5.1439012167975307e-05,3.657100023701787e-05,0.0004240919806761667,0.00021301901142578572,0.0
clean,206,RMP,optimized,0.0006920979940332472,5.417599459178746e-05,3.535502764862031e-05,0.00017736901645548642,0.00017420898075215518,0.00013691303320229053
clean,207,RMP,baseline,0.0010058199986815453,4.834700666833669e-05,3.543501952663064e-05,0.00039745196409057826,0.00015655900642741472,0.0
clean,207,RMP,optimized,0.0005208400107221678,4.205896402709186e-05,2.6852954761125147e-05,0.00012952700490131974,0.0001324239856330678,0.00010854400170501322
clean,208,RMP,baseline,0.0011384379904484376,5.292097921483219e-05,3.7859033909626305e-05,0.00044144400453660637,0.00017393595771864057,0.0
clean,208,RMP,optimized,0.0005017600051360205,4.069900023750961e-05,2.6767011149786413e-05,0.00011809400166384876,0.00013022602070122957,0.00010926995310001075
clean,209,RMP,baseline,0.0009227099944837391,4.521699156612158e-05,3.136599843855947e-05,0.0003559400065569207,0.00013809399388264865,0.0
clean,209,RMP,optimized,0.0005175160040380433,4.083101521246135e-05,4.437101597432047e-05,0.00011541100684553385,0.0001291479857172817,0.00011047297448385507
clean,210,RMP,baseline,0.0012294859916437417,5.3775933338329196e-05,5.896599031984806e-05,0.0005124110030010343,0.00017702503828331828,0.0
clean,210,RMP,optimized,0.0009632519941078499,5.6885997764766216e-05,3.6106008337810636e-05,0.00020557599782478064,0.00017572399519849569,0.0003836579417111352
clean,211,RMP,baseline,0.0017103709978982806,9.045898332260549e-05,8.048997551668435e-05,0.0006393099902197719,0.00031442703038919717,0.0
clean,211,RMP,optimized,0.0005460770044010133,4.368001827970147e-05,2.5546993128955364e-05,0.00012688100105151534,0.00013445898366626352,0.00011214797268621624
clean,212,RMP,baseline,0.0009078720031538978,4.4112020987086e-05,3.0046998290345073e-05,0.000361010039341636,0.00013562396634370089,0.0
clean,212,RMP,optimized,0.0006076099962228909,4.6938948798924685e-05,3.51350026903674e-05,0.00014696903235744685,0.00016362198221031576,0.00013226598093751818
clean,213,RMP,baseline,0.0009446170006413013,4.580202221404761e-05,3.3765987609513104e-05,0.00035913698957301676,0.0001560219970997423,0.0
clean,213,RMP,optimized,0.0009020139987114817,4.685597377829254e-05,3.4270022297278047e-05,0.0001833200076362118,0.0001910000282805413,0.00033824796264525503
clean,214,RMP,baseline,0.0009819729893933982,5.1104987505823374e-05,3.496203862596303e-05,0.0003863190213451162,0.00014665196067653596,0.0
clean,214,RMP,optimized,0.0005155599938007072,4.245803575031459e-05,3.159197513014078e-05,0.00011248195369262248,0.00012646903633140028,0.00011065900616813451
clean,215,RMP,baseline,0.0009324979910161346,4.5658962335437536e-05,3.220501821488142e-05,0.00035745202330872416,0.00014000997180119157,0.0
clean,215,RMP,optimized,0.0005480279942275956,4.179903771728277e-05,2.7390968170948327e-05,0.0001459640043321997,0.00013556900375988334,0.0001126049755839631
clean,216,RMP,baseline,0.0009049570071510971,4.43059834651649e-05,3.476302663329989e-05,0.00035648199263960123,0.00013409204257186502,0.0
clean,216,RMP,optimized,0.00045885999861638993,4.0238010114990175e-05,2.4470020434819162e-05,0.00010601298708934337,0.00012118798622395843,0.00010176902287639678
clean,217,RMP,baseline,0.0008988040062831715,4.6137982280924916e-05,3.262503014411777e-05,0.00034347600012551993,0.00014358098269440234,0.0
clean,217,RMP,optimized,0.00046486599603667855,4.0346989408135414e-05,2.4806970031931996e-05,0.00010566995479166508,0.0001193800417240709,0.00010217103408649564
clean,218,RMP,baseline,0.001016239999444224,4.6931018005125225e-05,6.178901821840554e-05,0.0003912020183634013,0.00014985597226768732,0.0
clean,218,RMP,optimized,0.0006069149967515841,4.469597479328513e-05,3.238097997382283e-05,0.0001479519996792078,0.00016883904754649848,0.00011674701818265021
clean,219,RMP,baseline,0.0009211900032823905,4.6864006435498595e-05,3.0370050808414817e-05,0.0003665649564936757,0.0001337499707005918,0.0
clean,219,RMP,optimized,0.0005637699941871688,4.2391999159008265e-05,2.7515998226590455e-05,0.00012168097600806504,0.00015102597535587847,0.00010884297080338001
clean,220,RMP,baseline,0.0010195969953201711,4.942597297485918e-05,3.4666023566387594e-05,0.0004017919709440321,0.00015416400856338441,0.0
clean,220,RMP,optimized,0.0004955879994668067,4.3742984416894615e-05,2.7717964258044958e-05,0.00011261501640547067,0.00012927701754961163,0.00010830600513145328
clean,221,RMP,baseline,0.0031010600068839267,8.681393228471279e-05,8.745602099224925e-05,0.0010665699956007302,0.0007770889933453873,0.0
clean,221,RMP,optimized,0.0007919740019133314,6.220798240974545e-05,3.427598858252168e-05,0.0001907249679788947,0.00021398102398961782,0.00017095901421271265
clean,222,RMP,baseline,0.0008899719978217036,4.4009037083014846e-05,3.0611990951001644e-05,0.00034968595718964934,0.00013914202281739563,0.0
clean,222,RMP,optimized,0.0005154910031706095,4.146200080867857e-05,2.669496461749077e-05,0.00011795501632150263,0.0001300470030400902,0.00012417498510330915
clean,223,RMP,baseline,0.0011589450004976243,5.421401874627918e-05,4.049201379530132e-05,0.0004548340366454795,0.00017955599469132721,0.0
clean,223,RMP,optimized,0.0006115529977250844,4.849802644457668e-05,2.958404365926981e-05,0.00013473503349814564,0.00017853300960268825,0.00012036904809065163
clean,224,RMP,baseline,0.0014841070078546181,5.856402276549488e-05,4.4401982449926436e-05,0.0005761520005762577,0.00020558103278744966,0.0
clean,224,RMP,optimized,0.0006322819972410798,4.579300002660602e-05,3.1256015063263476e-05,0.00016186102584470063,0.0001483280211687088,0.00012204100494273007
clean,225,RMP,baseline,0.0010834080021595582,8.353602606803179e-05,4.55549597973004e-05,0.00041332797263748944,0.00015450402861461043,0.0
clean,225,RMP,optimized,0.00047206699673552066,4.102705861441791e-05,2.511897764634341e-05,0.00010917101462837309,0.00012147998495493084,0.00010381094762124121
clean,226,RMP,baseline,0.0009661799995228648,4.5424982090480626e-05,3.372399078216404e-05,0.00040230099693872035,0.00014010397717356682,0.0
clean,226,RMP,optimized,0.0005630780069623142,5.061399133410305e-05,3.0022027203813195e-05,0.00012911701924167573,0.0001518700155429542,0.00011663897021207958
clean,227,RMP,baseline,0.0010894029983319342,4.981402889825404e-05,3.600401396397501e-05,0.00041927603888325393,0.00017079402459785342,0.0
clean,227,RMP,optimized,0.0005927769961999729,4.7312991227954626e-05,3.0213981517590582e-05,0.00015802899724803865,0.0001519199722679332,0.00011968699982389808
clean,228,RMP,baseline,0.0010713740048231557,4.846497904509306e-05,3.373200888745487e-05,0.0004688589833676815,0.00015150201215874404,0.0
clean,228,RMP,optimized,0.0005091710045235232,4.245902528055012e-05,2.707898966036737e-05,0.00011379401257727295,0.00014329100667964667,0.00010727799963206053
clean,229,RMP,baseline,0.0009405149903614074,4.55589615739882e-05,3.626797115430236e-05,0.0003692589671118185,0.0001405079965479672,0.0
clean,229,RMP,optimized,0.0004969670117134228,4.1139021050184965e-05,2.6156994863413274e-05,0.00012308901932556182,0.00012656695616897196,0.00010655101505108178
clean,230,RMP,baseline,0.0013915279996581376,4.865700611844659e-05,5.014101043343544e-05,0.0006631440191995353,0.00017369198030792177,0.0
clean,230,RMP,optimized,0.0007486049871658906,5.217398575041443e-05,6.708703585900366e-05,0.00020283197227399796,0.00018516904674470425,0.0001418979954905808
clean,231,RMP,baseline,0.0010042529902420938,4.6930043026804924e-05,4.7231995267793536e-05,0.00037838201387785375,0.0001552699541207403,0.0
clean,231,RMP,optimized,0.0006151349953142926,4.4005020754411817e-05,2.9135015211068094e-05,0.0001319280272582546,0.00015117494331207126,0.0001612390042282641
clean,232,RMP,baseline,0.000997932002064772,4.60680021205917e-05,3.901901072822511e-05,0.0003849409840768203,0.00017125999147538096,0.0
clean,232,RMP,optimized,0.0005219279992161319,4.239000554662198e-05,2.8740003472194076e-05,0.0001304789911955595,0.00013303397281561047,0.00011114400695078075
clean,233,RMP,baseline,0.000933158997213468,4.545900446828455e-05,3.2618991099298e-05,0.0003629979764809832,0.00013848600792698562,0.0
clean,233,RMP,optimized,0.0005162129964446649,4.0956001612357795e-05,2.572496305219829e-05,0.00011814801837317646,0.00013034100993536413,0.00010589894372969866
clean,234,RMP,baseline,0.0009766490111360326,4.4350032112561166e-05,3.1085044611245394e-05,0.0004223460127832368,0.00013496301835402846,0.0
clean,234,RMP,optimized,0.000504679002915509,4.155198985245079e-05,2.6524008717387915e-05,0.00011328603432048112,0.00012874901585746557,0.0001217709796037525
clean,235,RMP,baseline,0.0011008409928763285,4.8779009375721216e-05,3.525002102833241e-05,0.0004734129906864837,0.00015323002298828214,0.0
clean,235,RMP,optimized,0.0005819799989694729,4.7736961278133094e-05,3.05330177070573e-05,0.0001273090165341273,0.00014963297871872783,0.00011813001765403897
clean,236,RMP,baseline,0.001684189002844505,6.259199290070683e-05,6.801099516451359e-05,0.0005381069931900129,0.0002899710088968277,0.0
clean,236,RMP,optimized,0.0009077559952856973,9.762703848537058e-05,4.10279753850773e-05,0.00020341099298093468,0.00022697396343573928,0.00022213697957340628
clean,237,RMP,baseline,0.001033345004543662,4.7667999751865864e-05,3.2584008295089006e-05,0.00044123901170678437,0.00014096299128141254,0.0
clean,237,RMP,optimized,0.0005059649993199855,4.07940533477813e-05,2.5528977857902646e-05,0.00011361199722159654,0.00012716698984149843,0.00012313402839936316
clean,238,RMP,baseline,0.0010768399952212349,4.951799928676337e-05,3.5568999010138214e-05,0.0004304209869587794,0.000176064990228042,0.0
clean,238,RMP,optimized,0.0005580189899774268,4.798802547156811e-05,3.115295839961618e-05,0.0001298490387853235,0.000145259007695131,0.00012069397780578583
clean,239,RMP,baseline,0.0009411279897904024,4.502800584305078e-05,3.1788964406587183e-05,0.00035608798498287797,0.00013953303277958184,0.0
clean,239,RMP,optimized,0.0011929399915970862,7.481301145162433e-05,0.0001810709945857525,0.00021404397557489574,0.0002885049907490611,0.00023578696709591895
clean,240,RMP,baseline,0.0009244620014214888,4.551200254354626e-05,3.134703729301691e-05,0.0003727269795490429,0.00013344497710932046,0.0
clean,240,RMP,optimized,0.00048675200378056616,4.011302371509373e-05,2.5181012460961938e-05,0.0001061129878507927,0.00011833201278932393,0.0001032400323310867
clean,241,RMP,baseline,0.0018126279901480302,0.00011852101306430995,8.027900184970349e-05,0.000590907977311872,0.00033158801670651883,0.0
clean,241,RMP,optimized,0.000616122008068487,5.0068003474734724e-05,3.416999243199825e-05,0.00014858299982734025,0.00014759699115529656,0.00012187899847049266
clean,242,RMP,baseline,0.0008899170061340556,4.3977954192087054e-05,3.6420999094843864e-05,0.0003487350477371365,0.0001305500336457044,0.0
clean,242,RMP,optimized,0.000499364992720075,4.3329986510798335e-05,2.690897963475436e-05,0.00011232301767449826,0.00013162396498955786,0.00010723201557993889
clean,243,RMP,baseline,0.0010747490014182404,5.8428035117685795e-05,3.925098280888051e-05,0.00039859004027675837,0.0001643580326344818,0.0
clean,243,RMP,optimized,0.0005633770051645115,4.713099042419344e-05,2.895398938562721e-05,0.00013298801786731929,0.00014265898789744824,0.00012073703692294657
clean,244,RMP,baseline,0.0013842280022799969,6.878099520690739e-05,4.727898340206593e-05,0.0005120900314068422,0.00021041899162810296,0.0
clean,244,RMP,optimized,0.0006799820112064481,4.819799505639821e-05,3.507400106173009e-05,0.00015209200500976294,0.00017711000691633672,0.00012872795923613012
clean,245,RMP,baseline,0.0009709410078357905,4.480202915146947e-05,3.145397931803018e-05,0.000369576970115304,0.00014343201473820955,0.0
clean,245,RMP,optimized,0.0006188929983181879,5.445495480671525e-05,3.442600427661091e-05,0.000145259007695131,0.00016341004811692983,0.0001290829968638718
clean,246,RMP,baseline,0.0009565769869368523,4.5163033064454794e-05,3.324702265672386e-05,0.0003622579824877903,0.0001409469696227461,0.0
clean,246,RMP,optimized,0.0005838479992235079,5.0933987949974835e-05,4.2974017560482025e-05,0.00013818501611240208,0.00013896203017793596,0.0001170370087493211
clean,247,RMP,baseline,0.0009929189982358366,4.804696072824299e-05,3.711899626068771e-05,0.00039552095404360443,0.00014815900067333132,0.0
clean,247,RMP,optimized,0.0005963589937891811,4.546904528979212e-05,2.930399205069989e-05,0.00013504302478395402,0.00017531296180095524,0.00012134497228544205
clean,248,RMP,baseline,0.0009180360066238791,4.50469960924238e-05,3.9615988498553634e-05,0.00036439103132579476,0.00013579199730884284,0.0
clean,248,RMP,optimized,0.0005124930030433461,4.070100840181112e-05,2.579500142019242e-05,0.00011455299681983888,0.00012488699576351792,0.00013055402087047696
clean,249,RMP,baseline,0.0018225579988211393,7.093898602761328e-05,5.702995986212045e-05,0.0006500539893750101,0.00027985195629298687,0.0
clean,249,RMP,optimized,0.0005211149982642382,4.445298691280186e-05,2.7089001378044486e-05,0.00012427497131284326,0.00013229298929218203,0.00011242899927310646
clean,250,RMP,baseline,0.001078174012945965,5.05230127600953e-05,3.696700150612742e-05,0.00041642499854788184,0.0001987459691008553,0.0
clean,250,RMP,optimized,0.0005476930091390386,4.591004108078778e-05,2.7335976483300328e-05,0.0001370350073557347,0.00013683398719877005,0.00012090799282304943
clean,251,RMP,baseline,0.0009338859963463619,4.516496846918017e-05,3.070299862883985e-05,0.00037814900861121714,0.0001375360443489626,0.0
clean,251,RMP,optimized,0.000568663002923131,4.406699736136943e-05,6.379000842571259e-05,0.00012057702406309545,0.00014383302186615765,0.00011489898315630853
clean,252,RMP,baseline,0.0010971519950544462,4.490697756409645e-05,3.500893944874406e-05,0.00046020399895496666,0.0001413919817423448,0.0
clean,252,RMP,optimized,0.0005675829888787121,4.657199315261096e-05,3.100201138295233e-05,0.00012807498569600284,0.00015157803136389703,0.00012807401071768254
clean,253,RMP,baseline,0.0010073229932459071,4.7384004574269056e-05,4.5478984247893095e-05,0.00039129100332502276,0.00014862399257253855,0.0
clean,253,RMP,optimized,0.0005045540019636974,4.189199535176158e-05,2.5164015823975205e-05,0.00011706899385899305,0.00012645497918128967,0.00010674596705939621
clean,254,RMP,baseline,0.0009189550037262961,4.4297034037299454e-05,2.9488990548998117e-05,0.00036979300784878433,0.0001337020075879991,0.0
clean,254,RMP,optimized,0.0006990239926381037,5.1435985369607806e-05,4.9969981773756444e-05,0.00015322001127060503,0.00017069499881472439,0.0001322180323768407
clean,255,RMP,baseline,0.0008869500015862286,4.3885986087843776e-05,2.99219973385334e-05,0.000349717985955067,0.00013361001037992537,0.0
clean,255,RMP,optimized,0.0004992600006517023,4.057298065163195e-05,2.5953020667657256e-05,0.00011095001536887139,0.00014048299635760486,0.00010683902655728161
clean,256,RMP,baseline,0.0019676760130096227,0.00015582999913021922,7.460699998773634e-05,0.0006591389974346384,0.00034169998252764344,0.0
clean,256,RMP,optimized,0.0005156490078661591,4.2907995521090925e-05,2.5844958145171404e-05,0.00012652600707951933,0.0001282870362047106,0.00011460996756795794
clean,257,RMP,baseline,0.001096741994842887,7.056398317217827e-05,3.562898200470954e-05,0.00040718595846556127,0.0001697419793345034,0.0
clean,257,RMP,optimized,0.0006740569951944053,5.1604947657324374e-05,3.739300882443786e-05,0.00015441502910107374,0.00015938100113999099,0.00013423795462585986
clean,258,RMP,baseline,0.0010199530079262331,6.40050129732117e-05,4.016501770820469e-05,0.0004091019945917651,0.0001438519830117002,0.0
clean,258,RMP,optimized,0.0005375909968279302,4.277599509805441e-05,2.911803312599659e-05,0.00011804905079770833,0.00015279599756468087,0.00010918300540652126
clean,259,RMP,baseline,0.0015809929900569841,0.00010672201460693032,6.146599480416626e-05,0.0005666819924954325,0.0003326649602968246,0.0
clean,259,RMP,optimized,0.0005265950021566823,4.335299308877438e-05,2.7393994969315827e-05,0.0001256490359082818,0.00013353904068935663,0.00011411702143959701
clean,260,RMP,baseline,0.0009512219985481352,4.4857049942947924e-05,3.104496863670647e-05,0.000366200998541899,0.0001395720028085634,0.0
clean,260,RMP,optimized,0.0005049720057286322,4.3049032683484256e-05,2.6136025553569198e-05,0.00011469697346910834,0.0001317700371146202,0.0001087050186470151
clean,261,RMP,baseline,0.0009527410002192482,5.009598680771887e-05,3.146402013953775e-05,0.0003873599780490622,0.00013832801778335124,0.0
clean,261,RMP,optimized,0.00046381801075767726,4.0267055737785995e-05,2.4197026505135e-05,0.00010835703869815916,0.00011920595716219395,0.00010077298793476075
clean,262,RMP,baseline,0.000985345002845861,4.542601527646184e-05,3.3634991268627346e-05,0.00038400597986765206,0.00014566096069756895,0.0
clean,262,RMP,optimized,0.0005657409928971902,0.00010829503298737109,2.7852016501128674e-05,0.00011391598673071712,0.00012737000361084938,0.00011081097181886435
clean,263,RMP,baseline,0.0012101010070182383,5.04149793414399e-05,3.7923979107290506e-05,0.0004332719836384058,0.00017498900706414133,0.0
clean,263,RMP,optimized,0.0006215769972186536,4.5945984311401844e-05,2.9652976081706583e-05,0.00013336200208868831,0.00016312698426190764,0.00016702900757081807
clean,264,RMP,baseline,0.0009471459925407544,4.533999890554696e-05,3.159501648042351e-05,0.0003676300257211551,0.00015244801761582494,0.0
clean,264,RMP,optimized,0.0005372899904614314,4.510204598773271e-05,2.8704991564154625e-05,0.00012394001532811671,0.00014850501611363143,0.00011390203144401312
clean,265,RMP,baseline,0.0008913130004657432,4.466097743716091e-05,2.967697218991816e-05,0.000343053019605577,0.00013099395437166095,0.0
clean,265,RMP,optimized,0.0004579170054057613,3.889000799972564e-05,2.3950997274369e-05,0.00010474000009708107,0.0001197179954033345,0.00010174204362556338
clean,266,RMP,baseline,0.0008599489956395701,4.318200808484107e-05,3.0154988053254783e-05,0.0003337970410939306,0.00012692197924479842,0.0
clean,266,RMP,optimized,0.00048193200200330466,4.203002026770264e-05,2.7505986508913338e-05,0.00011071197513956577,0.00012695201439782977,0.00010460300836712122
clean,267,RMP,baseline,0.0014222689933376387,6.862300506327301e-05,4.3304957216605544e-05,0.0005211040115682408,0.0002166459889849648,0.0
clean,267,RMP,optimized,0.0006841819995315745,5.2328003221191466e-05,3.4662982216104865e-05,0.0001710489741526544,0.00018564696074463427,0.00013901101192459464
clean,268,RMP,baseline,0.0009091829997487366,4.397101292852312e-05,3.6954996176064014e-05,0.0003499380254652351,0.00013147802383173257,0.0
clean,268,RMP,optimized,0.0004628869937732816,4.106000415049493e-05,2.481103001628071e-05,0.00010578799992799759,0.0001201150007545948,0.00010146900604013354
clean,269,RMP,baseline,0.0015583250060444698,6.274199404288083e-05,5.086000601295382e-05,0.00048142197192646563,0.0002960790297947824,0.0
clean,269,RMP,optimized,0.0004936199984513223,4.1887033148668706e-05,2.605197369121015e-05,0.00011647999053820968,0.00012561997573357075,0.0001088010030798614
clean,270,RMP,baseline,0.0011273800046183169,5.146498733665794e-05,4.046800313517451e-05,0.00043588799599092454,0.00017266100621782243,0.0
clean,270,RMP,optimized,0.0005424010014394298,4.0681028622202575e-05,2.6232970412820578e-05,0.00013956500333733857,0.00013208502787165344,0.00011880799138452858
clean,271,RMP,baseline,0.0009089459927054122,4.328403156250715e-05,2.984503225889057e-05,0.0003713409823831171,0.00013049399422015995,0.0
clean,271,RMP,optimized,0.0005066520097898319,4.0305996662937105e-05,2.5116009055636823e-05,0.00011141502181999385,0.00013276202662382275,0.00011208499199710786
clean,272,RMP,baseline,0.0012873809901066124,0.00012889398203697056,4.4504980905912817e-05,0.0004356390127213672,0.0001927479897858575,0.0
clean,272,RMP,optimized,0.0005169479991309345,4.049093695357442e-05,3.4019045415334404e-05,0.00012918002903461456,0.00012838997645303607,0.00010713702067732811
clean,273,RMP,baseline,0.0009976850124076009,4.65860211988911e-05,3.5106990253552794e-05,0.00039674197614658624,0.0001451330172130838,0.0
clean,273,RMP,optimized,0.00046191501314751804,4.014304431620985e-05,2.4308988940902054e-05,0.000105580038507469,0.00011947097664233297,0.00010223701247014105
clean,274,RMP,baseline,0.0009618140029488131,4.436499148141593e-05,5.219495506025851e-05,0.0003862409939756617,0.0001358420413453132,0.0
clean,274,RMP,optimized,0.000462247000541538,3.9520979044027627e-05,2.4286011466756463e-05,0.00010702501458581537,0.00011923995043616742,0.00010244399891234934
clean,275,RMP,baseline,0.0009281639941036701,4.491698928177357e-05,3.010101499967277e-05,0.00037808904016856104,0.00013757499982602894,0.0
clean,275,RMP,optimized,0.0004764990007970482,4.037999315187335e-05,2.526100433897227e-05,0.00010712297807913274,0.00012212301953695714,0.000104171980638057
clean,276,RMP,baseline,0.0009231860021827742,5.616099224425852e-05,3.257700882386416e-05,0.0003650830185506493,0.00013404301716946065,0.0
clean,276,RMP,optimized,0.0005375100008677691,4.280298890080303e-05,2.754401066340506e-05,0.00013408201630227268,0.0001336719433311373,0.00011662102770060301
clean,277,RMP,baseline,0.0009050399967236444,4.391898983158171e-05,3.0374954803846776e-05,0.00036377605283632874,0.0001330889790551737,0.0
clean,277,RMP,optimized,0.0004781980096595362,3.972301783505827e-05,3.6870973417535424e-05,0.00010861302143894136,0.00011985699529759586,0.000103432044852525
clean,278,RMP,baseline,0.0010007800010498613,5.862500984221697e-05,3.959897730965167e-05,0.00038051501906011254,0.00015207802061922848,0.0
clean,278,RMP,optimized,0.0004926379915559664,4.036995233036578e-05,3.6155994166620076e-05,0.00011039203673135489,0.0001248409680556506,0.00010624002607073635
clean,279,RMP,baseline,0.0008820740040391684,4.472701402846724e-05,4.0415936382487416e-05,0.0003448009811108932,0.00012753598275594413,0.0
clean,279,RMP,optimized,0.0006524430064018816,4.465100937522948e-05,7.33869819669053e-05,0.00014519802061840892,0.00015599001199007034,0.00014641997404396534
clean,280,RMP,baseline,0.0010388469963800162,4.72560350317508e-05,3.351899795234203e-05,0.00042825701530091465,0.00015268605784513056,0.0
clean,280,RMP,optimized,0.0004997979995096102,4.1305029299110174e-05,2.6500987587496638e-05,0.00012334798520896584,0.00012795701331924647,0.00010662096610758454
clean,281,RMP,baseline,0.0009242499945685267,4.5196982682682574e-05,3.23169952025637e-05,0.00035950100573245436,0.00015045500185806304,0.0
clean,281,RMP,optimized,0.00047133500629570335,4.099702346138656e-05,2.4976965505629778e-05,0.00010868004756048322,0.00012265602708794177,0.00010277199908159673
clean,282,RMP,baseline,0.0009343429992441088,4.542995884548873e-05,3.1257004593499005e-05,0.0003617919865064323,0.00014153000665828586,0.0
clean,282,RMP,optimized,0.0004814510029973462,3.9692065911367536e-05,3.2357973395846784e-05,0.00010621000546962023,0.00011955203081015497,0.00010075600584968925
clean,283,RMP,baseline,0.00118440599180758,6.433199450839311e-05,4.39360155723989e-05,0.00047627597814425826,0.00019611898460425436,0.0
clean,283,RMP,optimized,0.0006763640121789649,4.3028994696214795e-05,3.019298310391605e-05,0.00013873203715775162,0.00014164502499625087,0.00023208702623378485
clean,284,RMP,baseline,0.0009304069972131401,4.440704651642591e-05,3.1207018764689565e-05,0.00036599997838493437,0.0001389639946864918,0.0
clean,284,RMP,optimized,0.0006158869946375489,4.286403418518603e-05,2.9725008062087e-05,0.0001816160074668005,0.00015378401440102607,0.00011024299601558596
clean,285,RMP,baseline,0.001223113009473309,6.325900903902948e-05,4.120703670196235e-05,0.0004491599684115499,0.00021852598001714796,0.0
clean,285,RMP,optimized,0.0005356460023904219,4.5936976675875485e-05,2.6855006581172347e-05,0.00013051298446953297,0.0001389820099575445,0.00011612300295382738
clean,286,RMP,baseline,0.0009727199940243736,4.6544024371542037e-05,3.2539028325118124e-05,0.00039455296064261347,0.00014488499436993152,0.0
clean,286,RMP,optimized,0.0006078659935155883,4.441299824975431e-05,3.112001286353916e-05,0.00013090501306578517,0.00019445698126219213,0.00011713601998053491
clean,287,RMP,baseline,0.0009508999937679619,4.472699947655201e-05,3.251698217354715e-05,0.0003836120158666745,0.00013809801021125168,0.0
clean,287,RMP,optimized,0.0004851320118177682,4.02279692934826e-05,3.0221010092645884e-05,0.00011587802146095783,0.00012205597886350006,0.00010438094614073634
clean,288,RMP,baseline,0.0009434519888600335,4.5420980313792825e-05,4.394700226839632e-05,0.000379056014935486,0.00013589100854005665,0.0
clean,288,RMP,optimized,0.0005237570003373548,4.4347980292513967e-05,3.1578048947267234e-05,0.00011951898341067135,0.00012764699931722134,0.00010801000462379307
clean,289,RMP,baseline,0.0009661950025474653,4.5975015382282436e-05,3.621396899688989e-05,0.00036682198697235435,0.00014395099424291402,0.0
clean,289,RMP,optimized,0.00048428399895783514,4.029500996693969e-05,2.5393979740329087e-05,0.00010935096361208707,0.00012366603186819702,0.00010492697765585035
clean,290,RMP,baseline,0.0009587110107531771,4.39950090367347e-05,3.167902468703687e-05,0.00038105895509943366,0.0001384950301144272,0.0
clean,290,RMP,optimized,0.0004965010011801496,4.04070015065372e-05,2.5420013116672635e-05,0.00011165998876094818,0.0001375290157739073,0.00010301095608156174
clean,291,RMP,baseline,0.000951303998590447,4.4038009946234524e-05,3.1517018214799464e-05,0.00039826403371989727,0.00013570397277362645,0.0
clean,291,RMP,optimized,0.0004983389953849837,4.025401722174138e-05,2.5929941330105066e-05,0.00010993299656547606,0.00012379197869449854,0.00010647800809238106
clean,292,RMP,baseline,0.0009060919983312488,4.517802153714001e-05,4.152000474277884e-05,0.00035255301918368787,0.00013471402053255588,0.0
clean,292,RMP,optimized,0.0004892709985142574,3.9570979424752295e-05,3.015002585016191e-05,0.00011991798237431794,0.00012343403068371117,0.00010347698116675019
clean,293,RMP,baseline,0.0010429020039737225,6.444695463869721e-05,4.791101673617959e-05,0.0003982270136475563,0.00015783999697305262,0.0
clean,293,RMP,optimized,0.0004923759988741949,4.2743966332636774e-05,2.6699999580159783e-05,0.0001153649645857513,0.00012626394163817167,0.00010593296610750258
clean,294,RMP,baseline,0.0008750779961701483,4.304300819057971e-05,3.4393000532872975e-05,0.0003469359944574535,0.00012617102765943855,0.0
clean,294,RMP,optimized,0.000529615004779771,4.472496220842004e-05,2.8032955015078187e-05,0.0001137080107582733,0.00015242800873238593,0.00011054800415877253
clean,295,RMP,baseline,0.0009448500059079379,4.4508036808110774e-05,3.135103906970471e-05,0.0003637750050984323,0.0001546620187582448,0.0
clean,295,RMP,optimized,0.0005862569960299879,4.282701411284506e-05,3.1719013350084424e-05,0.00012406198948156089,0.0001773289404809475,0.00012140897160861641
clean,296,RMP,baseline,0.001562642995850183,7.794502016622573e-05,5.161497392691672e-05,0.0005357240152079612,0.0002946159802377224,0.0
clean,296,RMP,optimized,0.0013286069879541174,9.910098742693663e-05,5.546701140701771e-05,0.0002456229995004833,0.00037305799196474254,0.0002025159919867292
clean,297,RMP,baseline,0.0008754580048844218,4.322899621911347e-05,2.9198010452091694e-05,0.0003493249823804945,0.00012939702719449997,0.0
clean,297,RMP,optimized,0.0005451649922179058,4.553802136797458e-05,2.6703972253017128e-05,0.00012131995754316449,0.00013820099411532283,0.00011182804882992059
clean,298,RMP,baseline,0.001149975010775961,5.2144008805043995e-05,4.0682978578843176e-05,0.000423470075475052,0.00020421799854375422,0.0
clean,298,RMP,optimized,0.0005157839914318174,4.110396548639983e-05,4.029901174362749e-05,0.00011590000940486789,0.0001258080155821517,0.00011041101242881268
clean,299,RMP,baseline,0.0010149410081794485,4.663399886339903e-05,3.286400169599801e-05,0.0003955260035581887,0.00014579696289729327,0.0
clean,299,RMP,optimized,0.0010638989915605634,8.836697088554502e-05,5.086496821604669e-05,0.0002001580287469551,0.0003107650700258091,0.00017398006457369775
